============= inst 1 =============
Route:
1  2  8  3  10 1  
1  13 24 6  7  9  1  
1  15 28 20 14 5  16 1  
1  17 21 27 12 11 1  
1  19 29 18 1  
1  30 4  26 23 22 25 1  

Point Location:
160 180 180 27  38  146 116 213 144 176 103 98  181 24  35  43  89  183 177 19  91  118 95  146 140 68  98  10  215 42  
110 85  49  29  78  208 202 18  163 64  96  123 206 95  215 70  155 148 121 154 148 44  34  218 43  13  125 193 148 47  

Total Distance:   1645.587584
Execution Time:   46.88  sec
Absolute Gap:     0.000000
Relative Gap:     0.000000
============= inst 1 end=============

