============= inst 10 =============
Route:
1  11 20 6  5  24 17 1  
1  14 21 4  8  28 19 1  
1  15 30 13 25 9  2  1  
1  18 3  27 16 10 1  
1  23 7  29 1  
1  26 12 22 1  

Point Location:
148 174 172 83  35  11  125 70  206 214 67  176 196 133 194 207 123 161 129 12  101 144 117 85  205 182 187 85  132 191 
145 148 50  204 22  93  148 204 178 109 167 95  213 216 190 89  103 59  173 194 200 125 133 38  197 102 50  197 168 194 

Total Distance:   1418.669315
Execution Time:   54.28  sec
Absolute Gap:     0.000000
Relative Gap:     0.000000
============= inst 10 end=============

