============= inst 100 =============
Route:
1  5  9  8  17 11 15 1  
1  10 23 26 1  
1  18 25 6  24 12 3  1  
1  19 7  27 29 4  1  
1  22 30 16 1  
1  28 13 2  20 21 14 1  

Point Location:
130 217 99  154 10  39  197 16  13  128 79  53  198 151 85  92  50  57  194 202 172 58  130 49  33  152 200 166 181 54  
88  95  205 29  119 138 66  48  93  83  41  196 100 149 51  106 17  112 64  152 165 90  125 162 136 130 21  86  14  93  

Total Distance:   1475.752520
Execution Time:   7.67  sec
Absolute Gap:     0.000000
Relative Gap:     0.000000
============= inst 100 end=============

