============= inst 1000 =============
Route:
1  4  8  11 1  
1  7  3  16 12 1  
1  13 6  17 2  29 24 1  
1  14 9  15 18 1  
1  23 19 10 21 22 5  1  
1  25 27 26 30 20 28 1  

Point Location:
132 20  122 105 174 81  135 111 186 197 118 97  83  155 183 119 53  179 174 43  215 208 154 54  76  28  54  48  39  33  
82  218 158 112 143 218 133 92  66  200 72  132 179 22  103 152 209 120 194 60  205 147 175 162 81  116 117 35  192 65  

Total Distance:   1539.011794
Execution Time:   55.86  sec
Absolute Gap:     0.000000
Relative Gap:     0.000000
============= inst 1000 end=============

