============= inst 101 =============
Route:
1  5  29 27 24 15 1  
1  9  2  20 1  
1  10 8  3  6  12 11 1  
1  14 7  23 13 16 19 1  
1  22 4  25 18 17 30 1  
1  26 28 21 1  

Point Location:
71  16  39  159 34  53  103 105 26  114 23  42  165 77  50  180 215 212 129 56  68  149 128 49  210 78  38  76  30  170 
140 131 23  47  171 81  184 35  155 47  91  78  202 184 175 190 52  20  150 120 116 61  187 181 10  107 207 104 187 120 

Total Distance:   1419.027768
Execution Time:   6.95  sec
Absolute Gap:     0.000000
Relative Gap:     0.000000
============= inst 101 end=============

