============= inst 102 =============
Route:
1  5  20 13 16 10 25 1  
1  7  2  23 30 21 1  
1  19 11 14 12 27 18 1  
1  22 9  15 26 8  6  1  
1  24 29 17 1  
1  28 4  3  1  

Point Location:
99  12  113 192 199 67  35  7   74  119 182 149 200 167 42  211 80  133 162 191 77  105 42  105 103 34  142 197 97  44  
69  19  19  12  123 126 71  166 149 206 109 116 174 128 169 202 51  135 105 137 50  150 10  55  200 169 120 21  49  9   

Total Distance:   1554.706220
Execution Time:   98.08  sec
Absolute Gap:     0.000000
Relative Gap:     0.000000
============= inst 102 end=============

