============= inst 103 =============
Route:
1  6  18 24 1  
1  8  26 7  12 29 1  
1  10 14 23 1  
1  13 27 3  17 4  11 1  
1  15 5  30 21 9  2  1  
1  16 19 20 25 22 28 1  

Point Location:
101 183 211 216 175 110 34  51  183 75  163 40  162 18  158 32  215 132 64  98  204 114 20  146 102 38  171 119 25  197 
142 18  191 195 80  148 103 101 10  189 205 108 127 217 92  53  190 153 43  8   42  50  198 157 34  97  147 75  133 51  

Total Distance:   1500.381280
Execution Time:   3.56  sec
Absolute Gap:     0.000000
Relative Gap:     0.000000
============= inst 103 end=============

