============= inst 104 =============
Route:
1  4  22 6  16 1  
1  7  21 27 12 28 1  
1  9  20 30 24 26 1  
1  13 29 3  25 19 23 1  
1  15 11 8  10 17 5  1  
1  18 14 2  1  

Point Location:
147 164 29  184 103 144 198 30  135 10  26  199 123 143 57  138 23  143 44  138 212 148 77  104 12  117 216 160 91  132 
114 128 37  68  113 37  93  132 178 106 149 167 45  138 170 96  100 110 52  183 113 28  84  181 33  144 163 157 29  210 

Total Distance:   1415.239608
Execution Time:   50.39  sec
Absolute Gap:     0.000000
Relative Gap:     0.000000
============= inst 104 end=============

