============= inst 105 =============
Route:
1  2  24 15 16 17 19 1  
1  12 22 20 21 9  1  
1  23 11 4  10 1  
1  25 30 6  1  
1  28 26 5  7  18 1  
1  29 8  3  27 13 14 1  

Point Location:
125 96  27  109 39  72  34  79  147 116 175 129 21  59  199 195 216 75  216 137 145 134 176 136 86  44  19  39  88  9   
74  211 209 13  91  65  83  172 101 19  17  119 169 137 204 172 167 76  117 143 115 147 56  215 25  94  215 109 136 9   

Total Distance:   1694.524020
Execution Time:   32.06  sec
Absolute Gap:     0.000000
Relative Gap:     0.000000
============= inst 105 end=============

