============= inst 106 =============
Route:
1  3  21 7  5  1  
1  4  13 17 10 1  
1  6  29 15 20 27 14 1  
1  11 8  18 1  
1  12 19 2  24 25 28 1  
1  26 22 16 23 30 9  1  

Point Location:
91  164 53  169 62  23  53  109 116 184 94  92  208 78  35  154 202 110 114 7   46  172 136 175 184 152 24  177 35  127 
137 10  205 128 148 96  155 106 93  216 109 31  188 79  74  87  191 119 12  59  160 98  62  47  52  111 13  85  82  65  

Total Distance:   1498.591629
Execution Time:   42.83  sec
Absolute Gap:     0.000000
Relative Gap:     0.000000
============= inst 106 end=============

