============= inst 107 =============
Route:
1  5  21 15 13 4  7  1  
1  10 11 23 26 9  6  1  
1  14 12 19 1  
1  18 3  27 17 20 1  
1  24 28 30 2  29 8  1  
1  25 22 16 1  

Point Location:
142 72  101 148 181 74  146 114 40  71  29  191 150 182 207 140 115 124 216 139 187 110 11  58  123 28  107 44  75  30  
97  159 169 203 167 77  193 118 63  42  16  43  203 30  183 39  188 133 48  176 173 27  43  134 75  63  174 137 152 154 

Total Distance:   1452.029952
Execution Time:   3.16  sec
Absolute Gap:     0.000000
Relative Gap:     0.000000
============= inst 107 end=============

