============= inst 108 =============
Route:
1  6  5  27 11 12 16 1  
1  10 3  2  1  
1  13 30 4  7  26 28 1  
1  14 19 18 24 21 1  
1  15 8  23 9  22 17 1  
1  25 29 20 1  

Point Location:
87  42  27  205 177 161 175 128 83  41  194 198 167 83  112 146 68  37  72  80  36  52  124 17  95  157 193 134 105 179 
86  75  36  145 12  56  214 206 214 21  48  96  120 105 139 113 174 157 127 40  139 203 215 160 46  189 34  164 17  144 

Total Distance:   1593.347417
Execution Time:   28.97  sec
Absolute Gap:     0.000000
Relative Gap:     0.000000
============= inst 108 end=============

