============= inst 109 =============
Route:
1  4  13 5  24 29 1  
1  6  21 20 19 18 30 1  
1  7  9  3  15 27 28 1  
1  12 22 10 1  
1  17 26 25 1  
1  23 2  8  16 11 14 1  

Point Location:
71  201 43  25  19  149 50  213 15  111 142 92  19  140 52  140 90  175 193 172 155 96  143 23  87  99  93  65  56  163 
131 170 14  124 193 59  91  178 70  110 172 102 183 150 25  214 127 51  27  20  12  77  125 186 139 134 51  60  145 76  

Total Distance:   1449.887366
Execution Time:   51.31  sec
Absolute Gap:     0.000000
Relative Gap:     0.000000
============= inst 109 end=============

