============= inst 11 =============
Route:
1  5  22 13 4  2  12 1  
1  8  17 19 1  
1  18 11 3  6  23 25 1  
1  21 28 16 20 30 1  
1  26 10 14 9  24 15 1  
1  29 7  27 1  

Point Location:
111 22  195 20  99  182 90  137 180 194 204 47  61  197 132 113 136 180 119 49  103 97  211 138 154 159 80  116 125 40  
126 154 97  184 162 83  103 88  171 162 98  154 207 173 156 30  89  132 104 17  55  183 10  190 23  148 113 53  128 32  

Total Distance:   1405.016636
Execution Time:   10.97  sec
Absolute Gap:     0.000000
Relative Gap:     0.000000
============= inst 11 end=============

