============= inst 110 =============
Route:
1  19 28 26 7  2  15 1  
1  21 20 14 17 8  1  
1  22 18 6  29 5  12 1  
1  25 13 24 1  
1  27 4  10 1  
1  30 23 3  11 16 9  1  

Point Location:
62  173 118 10  187 218 157 53  143 32  125 174 94  24  131 142 33  190 110 65  73  148 113 101 76  126 10  124 205 109 
101 177 37  23  76  105 163 155 120 50  40  92  99  213 203 72  189 125 122 185 174 120 7   85  99  141 38  126 92  18  

Total Distance:   1504.220345
Execution Time:   65.97  sec
Absolute Gap:     0.000000
Relative Gap:     0.000000
============= inst 110 end=============

