============= inst 111 =============
Route:
1  4  3  11 25 18 1  
1  8  30 26 12 19 1  
1  10 24 13 1  
1  14 2  7  27 23 29 1  
1  15 6  21 28 9  5  1  
1  22 20 17 16 1  

Point Location:
104 89  35  77  188 135 48  37  169 145 79  19  96  104 120 182 218 88  47  217 151 205 141 144 88  12  132 162 145 20  
112 167 39  88  68  46  207 91  36  121 13  123 91  168 41  106 132 25  112 171 35  155 183 115 8   82  213 37  171 83  

Total Distance:   1495.530644
Execution Time:   0.75  sec
Absolute Gap:     0.000000
Relative Gap:     0.000000
============= inst 111 end=============

