============= inst 112 =============
Route:
1  3  12 13 2  1  
1  17 25 30 8  15 1  
1  19 10 18 1  
1  20 26 24 16 29 1  
1  22 21 7  5  14 6  1  
1  23 9  4  27 28 11 1  

Point Location:
82  122 93  202 66  30  61  40  179 140 146 147 123 67  27  183 73  133 106 146 62  67  153 213 66  188 198 184 166 61  
107 186 185 171 207 187 203 12  161 105 132 215 186 214 80  65  74  78  123 67  201 149 173 45  36  18  138 132 86  11  

Total Distance:   1557.547393
Execution Time:   7.64  sec
Absolute Gap:     0.000000
Relative Gap:     0.000000
============= inst 112 end=============

