============= inst 113 =============
Route:
1  4  20 13 15 1  
1  11 10 25 27 1  
1  22 21 8  7  14 17 1  
1  24 6  26 3  19 5  1  
1  28 2  18 1  
1  30 9  23 12 16 29 1  

Point Location:
125 114 173 168 205 175 103 80  35  40  51  32  169 103 160 29  100 125 188 200 81  85  28  146 53  190 90  103 45  21  
162 176 105 187 139 45  13  34  73  173 170 38  175 42  159 23  90  179 119 207 74  129 47  90  218 79  199 154 13  109 

Total Distance:   1540.768265
Execution Time:   109.55  sec
Absolute Gap:     0.000000
Relative Gap:     0.000000
============= inst 113 end=============

