============= inst 114 =============
Route:
1  7  6  25 1  
1  11 10 12 1  
1  13 16 24 30 14 28 1  
1  18 3  23 2  17 15 1  
1  21 8  22 5  20 1  
1  29 19 4  26 9  27 1  

Point Location:
150 92  39  125 208 210 216 184 145 191 190 168 42  23  114 26  99  73  87  218 191 207 60  17  183 153 133 52  120 18  
98  47  76  205 186 61  86  162 172 9   54  21  156 192 65  153 36  86  184 154 154 187 69  145 70  207 172 181 163 175 

Total Distance:   1544.033227
Execution Time:   4.88  sec
Absolute Gap:     0.000000
Relative Gap:     0.000000
============= inst 114 end=============

