============= inst 115 =============
Route:
1  7  23 21 18 25 1  
1  13 2  8  1  
1  14 12 19 26 28 1  
1  16 30 11 3  6  9  1  
1  17 27 20 15 1  
1  22 4  24 5  29 10 1  

Point Location:
72  80  161 29  60  100 131 72  99  72  201 146 44  143 14  172 7   88  149 15  99  43  130 47  88  194 7   151 66  181 
69  89  208 184 195 204 34  80  158 139 183 53  74  53  12  151 67  13  67  30  22  130 9   185 21  109 41  96  189 146 

Total Distance:   1490.166006
Execution Time:   24.19  sec
Absolute Gap:     0.000000
Relative Gap:     0.000000
============= inst 115 end=============

