============= inst 116 =============
Route:
1  2  17 9  8  11 18 1  
1  7  28 27 1  
1  10 21 25 1  
1  13 15 20 30 16 1  
1  14 22 5  6  12 3  1  
1  19 23 4  24 26 29 1  

Point Location:
93  154 182 122 200 201 138 200 196 80  218 195 84  172 76  40  163 140 134 57  66  176 131 70  69  54  114 126 21  41  
115 121 115 32  40  93  154 172 141 130 213 119 68  48  52  99  127 201 74  66  138 53  43  10  116 7   124 124 22  91  

Total Distance:   1401.791709
Execution Time:   46.73  sec
Absolute Gap:     0.000000
Relative Gap:     0.000000
============= inst 116 end=============

