============= inst 117 =============
Route:
1  2  13 14 21 3  23 1  
1  9  5  16 1  
1  12 8  27 20 10 6  1  
1  15 19 4  26 28 25 1  
1  17 24 7  1  
1  29 22 11 30 18 1  

Point Location:
142 144 194 41  148 88  153 71  144 83  200 89  150 166 49  150 174 160 44  28  180 214 166 199 136 104 16  134 172 180 
54  162 150 213 94  17  73  73  111 18  27  57  172 191 139 77  64  13  191 59  215 34  119 87  173 200 83  200 32  14  

Total Distance:   1526.968283
Execution Time:   118.27  sec
Absolute Gap:     0.000000
Relative Gap:     0.000000
============= inst 117 end=============

