============= inst 118 =============
Route:
1  7  20 12 5  27 11 1  
1  8  3  14 22 2  6  1  
1  10 28 23 18 25 1  
1  15 4  9  30 17 29 1  
1  16 21 19 1  
1  26 13 24 1  

Point Location:
117 204 132 18  194 187 127 104 21  88  163 198 112 183 10  62  37  13  68  196 41  216 34  106 85  146 192 69  64  24  
119 168 199 143 116 155 16  195 149 41  113 46  139 211 127 129 205 20  146 28  136 177 13  117 70  147 133 20  195 209 

Total Distance:   1595.324272
Execution Time:   34.49  sec
Absolute Gap:     0.000000
Relative Gap:     0.000000
============= inst 118 end=============

