============= inst 119 =============
Route:
1  2  21 9  1  
1  10 20 26 3  15 7  1  
1  11 27 6  18 17 1  
1  23 22 5  13 8  12 1  
1  24 19 4  25 29 14 1  
1  28 16 30 1  

Point Location:
69  22  216 97  167 202 191 211 45  157 198 192 182 14  199 140 128 163 114 190 36  146 132 115 58  213 201 145 30  116 
60  21  89  177 173 32  94  176 108 131 14  151 182 155 81  110 67  63  169 130 121 217 170 131 174 123 23  107 187 92  

Total Distance:   1891.502160
Execution Time:   37.03  sec
Absolute Gap:     0.000000
Relative Gap:     0.000000
============= inst 119 end=============

