============= inst 12 =============
Route:
1  4  12 6  3  16 7  1  
1  9  22 11 1  
1  17 23 10 15 1  
1  19 20 13 21 8  1  
1  24 14 18 25 29 5  1  
1  30 28 2  26 27 1  

Point Location:
149 134 18  18  39  11  99  183 137 117 190 27  199 29  116 37  125 7   169 186 201 216 114 64  28  114 131 168 24  147 
116 43  205 132 100 206 146 102 185 119 124 151 84  57  129 190 93  30  101 70  92  183 92  89  83  36  62  25  98  61  

Total Distance:   1507.858937
Execution Time:   73.41  sec
Absolute Gap:     0.000000
Relative Gap:     0.000000
============= inst 12 end=============

