============= inst 120 =============
Route:
1  2  14 22 12 28 26 1  
1  7  30 29 24 27 16 1  
1  9  21 3  20 19 1  
1  15 8  13 1  
1  23 5  17 1  
1  25 11 6  18 10 4  1  

Point Location:
66  148 59  127 17  181 14  63  71  147 139 158 65  218 70  113 35  197 57  21  84  216 51  67  113 140 90  151 34  21  
124 16  195 131 119 143 93  62  136 141 167 56  68  11  68  82  144 135 167 194 196 23  118 16  175 73  56  63  37  48  

Total Distance:   1474.285183
Execution Time:   4.78  sec
Absolute Gap:     0.000000
Relative Gap:     0.000000
============= inst 120 end=============

