============= inst 121 =============
Route:
1  12 23 17 4  21 11 1  
1  13 29 22 1  
1  16 25 8  5  24 7  1  
1  19 27 28 18 10 1  
1  20 2  9  1  
1  26 15 3  14 6  30 1  

Point Location:
124 179 131 179 15  186 31  39  161 49  163 190 51  161 137 115 210 46  49  146 163 86  213 14  76  145 15  35  57  189 
59  8   200 136 215 214 138 208 86  55  127 125 66  191 186 144 160 63  32  38  148 78  137 171 162 163 19  55  105 197 

Total Distance:   1747.783046
Execution Time:   51.03  sec
Absolute Gap:     0.000000
Relative Gap:     0.000000
============= inst 121 end=============

