============= inst 122 =============
Route:
1  10 20 19 18 2  1  
1  13 22 6  17 11 5  1  
1  21 7  4  26 3  14 1  
1  23 16 27 12 25 8  1  
1  24 29 30 1  
1  28 15 9  1  

Point Location:
85  43  142 173 28  71  197 160 93  46  17  207 96  133 115 196 46  26  18  17  151 107 203 94  191 157 206 108 99  115 
71  106 210 188 118 159 188 72  40  23  165 120 103 174 53  71  162 104 92  60  130 178 17  38  111 196 73  66  20  19  

Total Distance:   1539.053287
Execution Time:   57.14  sec
Absolute Gap:     0.000000
Relative Gap:     0.000000
============= inst 122 end=============

