============= inst 123 =============
Route:
1  3  26 15 1  
1  5  25 4  27 23 6  1  
1  14 29 16 22 30 1  
1  17 12 8  28 19 1  
1  21 13 2  7  10 18 1  
1  24 20 11 9  1  

Point Location:
129 184 80  80  15  89  190 12  43  183 9   105 183 197 114 184 127 171 73  29  154 164 91  80  18  86  84  67  200 146 
97  139 134 214 169 159 193 9   128 212 120 20  126 55  100 27  33  176 61  112 117 11  192 104 214 127 192 58  31  39  

Total Distance:   1599.495778
Execution Time:   5.48  sec
Absolute Gap:     0.000000
Relative Gap:     0.000000
============= inst 123 end=============

