============= inst 124 =============
Route:
1  3  22 23 29 7  26 1  
1  16 18 10 28 6  13 1  
1  20 9  24 19 2  1  
1  25 4  17 12 8  14 1  
1  27 15 21 1  
1  30 11 5  1  

Point Location:
95  145 170 212 38  111 186 150 101 112 40  154 50  150 33  133 170 129 151 97  65  214 211 161 160 143 25  118 187 51  
70  50  107 182 80  203 13  159 86  131 76  190 188 123 16  120 181 127 53  75  20  86  61  62  107 27  20  180 21  70  

Total Distance:   1502.968771
Execution Time:   114.59  sec
Absolute Gap:     0.000000
Relative Gap:     0.000000
============= inst 124 end=============

