============= inst 125 =============
Route:
1  11 8  10 15 3  30 1  
1  12 23 29 14 17 1  
1  19 20 13 7  24 1  
1  22 18 28 1  
1  25 2  16 9  6  26 1  
1  27 5  21 4  1  

Point Location:
91  103 199 123 97  173 20  158 159 164 153 62  9   81  196 164 69  46  41  23  99  64  57  38  106 161 89  40  37  198 
111 40  191 177 162 81  92  189 45  203 181 152 106 195 215 13  181 146 102 128 176 141 174 19  89  96  147 141 194 136 

Total Distance:   1480.817132
Execution Time:   7.44  sec
Absolute Gap:     0.000000
Relative Gap:     0.000000
============= inst 125 end=============

