============= inst 126 =============
Route:
1  3  20 4  7  30 6  1  
1  13 19 24 23 1  
1  16 12 5  18 22 29 1  
1  17 2  9  25 8  26 1  
1  21 28 11 15 1  
1  27 10 14 1  

Point Location:
109 37  115 217 168 211 204 57  27  93  34  166 80  102 49  163 50  169 58  137 80  160 31  45  48  83  92  54  148 209 
98  177 176 217 51  76  168 167 210 127 136 84  79  134 118 109 145 15  47  203 130 10  69  16  175 157 120 131 51  94  

Total Distance:   1499.289797
Execution Time:   8.94  sec
Absolute Gap:     0.000000
Relative Gap:     0.000000
============= inst 126 end=============

