============= inst 127 =============
Route:
1  3  15 10 21 22 23 1  
1  11 16 12 7  18 1  
1  14 5  24 1  
1  26 20 25 1  
1  29 6  2  9  27 17 1  
1  30 28 8  19 13 4  1  

Point Location:
114 205 46  63  38  202 204 35  191 9   160 193 89  59  30  186 146 172 83  46  9   25  76  70  114 88  205 40  172 44  
83  126 106 177 85  88  61  213 147 114 48  29  195 83  103 20  187 66  200 19  137 126 148 78  15  67  204 176 77  163 

Total Distance:   1638.534378
Execution Time:   12.78  sec
Absolute Gap:     0.000000
Relative Gap:     0.000000
============= inst 127 end=============

