============= inst 128 =============
Route:
1  2  4  29 15 28 1  
1  5  21 12 7  9  16 1  
1  10 3  20 11 30 22 1  
1  13 14 25 1  
1  18 8  23 6  26 19 1  
1  24 27 17 1  

Point Location:
97  10  127 13  173 214 153 172 133 67  165 154 100 95  38  121 48  165 158 156 163 146 195 111 79  211 33  51  39  178 
133 111 21  84  152 188 197 208 197 8   15  191 101 100 77  206 158 206 119 11  180 67  190 189 123 103 187 80  57  17  

Total Distance:   1550.940722
Execution Time:   27.77  sec
Absolute Gap:     0.000000
Relative Gap:     0.000000
============= inst 128 end=============

