============= inst 129 =============
Route:
1  4  9  3  6  14 10 1  
1  12 25 2  15 1  
1  16 30 21 1  
1  22 13 29 27 20 1  
1  23 11 7  17 19 24 1  
1  28 5  8  18 26 1  

Point Location:
112 183 211 185 31  205 152 72  189 208 151 126 38  216 179 200 152 71  162 65  137 69  116 163 164 92  41  11  29  204 
141 137 8   52  24  41  26  35  22  63  15  164 207 53  134 99  43  48  47  204 110 175 46  55  187 111 215 43  208 88  

Total Distance:   1616.815323
Execution Time:   56.66  sec
Absolute Gap:     0.000000
Relative Gap:     0.000000
============= inst 129 end=============

