============= inst 13 =============
Route:
1  2  24 18 22 27 1  
1  11 28 25 4  9  1  
1  17 10 3  14 13 6  1  
1  21 16 15 1  
1  29 12 26 8  1  
1  30 20 19 7  5  23 1  

Point Location:
70  97  32  111 156 58  173 22  90  7   53  7   47  37  63  44  36  133 198 206 53  109 86  118 63  21  99  43  12  209 
98  210 168 8   151 156 143 124 53  170 55  85  195 188 92  74  136 199 199 132 77  187 100 198 14  119 158 45  78  46  

Total Distance:   1499.550607
Execution Time:   110.13  sec
Absolute Gap:     0.000000
Relative Gap:     0.000000
============= inst 13 end=============

