============= inst 130 =============
Route:
1  6  7  19 1  
1  8  10 24 26 4  5  1  
1  13 22 2  16 11 14 1  
1  17 12 18 1  
1  27 29 15 25 30 1  
1  28 23 9  20 3  21 1  

Point Location:
123 203 13  192 208 109 98  138 55  155 214 41  140 143 141 216 89  62  104 31  82  173 71  161 143 184 117 87  138 135 
161 120 86  32  84  178 197 80  10  13  187 206 168 211 111 124 145 213 198 12  128 161 39  17  120 15  112 51  107 145 

Total Distance:   1521.112678
Execution Time:   51.94  sec
Absolute Gap:     0.000000
Relative Gap:     0.000000
============= inst 130 end=============

