============= inst 131 =============
Route:
1  6  5  4  11 12 1  
1  7  2  26 16 15 25 1  
1  19 27 13 30 21 1  
1  20 18 17 9  3  8  1  
1  22 14 10 28 1  
1  23 24 29 1  

Point Location:
133 188 15  142 114 129 193 46  49  34  181 162 196 40  96  140 17  69  172 87  215 50  172 186 104 150 175 56  166 202 
87  194 113 8   10  27  173 124 159 55  9   32  141 10  206 218 217 196 132 184 109 19  104 74  199 197 145 59  56  123 

Total Distance:   1673.126813
Execution Time:   5.47  sec
Absolute Gap:     0.000000
Relative Gap:     0.000000
============= inst 131 end=============

