============= inst 132 =============
Route:
1  9  22 30 11 21 1  
1  17 18 6  27 16 19 1  
1  23 4  12 20 14 13 1  
1  24 3  5  1  
1  25 15 10 2  26 28 1  
1  29 8  7  1  

Point Location:
90  167 90  63  80  205 86  109 57  119 51  69  119 114 112 200 161 197 177 101 56  21  67  98  103 214 203 133 130 30  
91  206 52  43  80  138 99  95  67  198 151 29  24  9   201 84  96  129 46  11  146 104 49  48  154 165 122 118 93  125 

Total Distance:   1324.073039
Execution Time:   44.00  sec
Absolute Gap:     0.000000
Relative Gap:     0.000000
============= inst 132 end=============

