============= inst 133 =============
Route:
1  7  24 9  1  
1  8  16 18 6  13 1  
1  14 15 3  12 26 20 1  
1  22 25 19 10 30 2  1  
1  23 21 28 1  
1  27 17 4  29 11 5  1  

Point Location:
161 69  173 23  106 91  200 97  207 92  58  191 111 96  124 59  61  51  130 184 187 143 215 214 151 173 80  172 16  81  
82  34  215 95  93  172 98  129 144 13  92  210 133 204 205 167 121 181 9   165 28  17  46  107 9   188 107 38  59  19  

Total Distance:   1637.815933
Execution Time:   85.39  sec
Absolute Gap:     0.000000
Relative Gap:     0.000000
============= inst 133 end=============

