============= inst 134 =============
Route:
1  10 3  23 1  
1  11 8  15 17 7  1  
1  16 13 28 14 2  5  1  
1  19 20 29 24 30 6  1  
1  25 18 21 22 26 9  1  
1  27 4  12 1  

Point Location:
104 105 50  81  100 76  128 217 159 83  128 87  85  96  164 83  139 187 32  43  208 214 60  67  184 177 85  83  64  62  
150 16  217 113 31  104 159 210 119 205 216 105 84  26  185 94  167 124 107 63  35  23  186 78  149 29  131 31  59  94  

Total Distance:   1520.293886
Execution Time:   50.70  sec
Absolute Gap:     0.000000
Relative Gap:     0.000000
============= inst 134 end=============

