============= inst 135 =============
Route:
1  5  9  2  6  3  30 1  
1  7  14 19 1  
1  8  27 24 22 1  
1  12 15 18 20 11 1  
1  13 17 10 4  26 1  
1  21 29 25 16 23 28 1  

Point Location:
80  191 179 56  158 210 70  39  164 66  76  7   126 101 41  156 122 60  90  58  130 18  134 15  189 79  30  132 140 172 
135 174 144 200 163 163 158 153 202 212 76  27  177 151 43  108 206 36  146 48  139 138 100 146 101 187 156 97  138 142 

Total Distance:   1327.275714
Execution Time:   71.59  sec
Absolute Gap:     0.000000
Relative Gap:     0.000000
============= inst 135 end=============

