============= inst 136 =============
Route:
1  13 7  4  26 1  
1  14 19 2  1  
1  18 9  3  12 1  
1  21 23 10 16 5  17 1  
1  27 6  25 22 30 11 1  
1  29 28 8  20 15 24 1  

Point Location:
86  72  15  135 184 131 84  36  31  215 121 25  61  51  73  198 117 41  37  20  188 213 203 93  198 109 106 42  24  141 
72  105 51  7   176 85  10  158 53  153 59  63  34  79  166 195 157 59  102 204 137 61  140 154 92  48  72  153 140 59  

Total Distance:   1500.997651
Execution Time:   44.11  sec
Absolute Gap:     0.000000
Relative Gap:     0.000000
============= inst 136 end=============

