============= inst 137 =============
Route:
1  6  20 29 1  
1  10 7  22 21 1  
1  16 17 5  25 8  1  
1  23 4  12 27 15 1  
1  24 9  30 3  19 14 1  
1  26 13 28 11 18 2  1  

Point Location:
117 119 44  16  191 137 64  188 40  61  149 54  182 75  110 168 163 141 59  162 78  71  33  9   203 199 88  155 149 34  
87  198 196 49  60  134 139 11  180 116 199 32  207 203 27  95  75  186 207 161 151 142 73  162 40  168 26  212 136 196 

Total Distance:   1595.744412
Execution Time:   13.70  sec
Absolute Gap:     0.000000
Relative Gap:     0.000000
============= inst 137 end=============

