============= inst 138 =============
Route:
1  13 18 16 15 21 9  1  
1  19 29 24 1  
1  20 3  6  2  17 11 1  
1  25 8  7  10 4  1  
1  26 27 23 1  
1  28 5  22 12 30 14 1  

Point Location:
66  137 119 47  168 137 39  103 151 40  139 206 127 153 214 197 144 215 41  115 139 176 95  18  117 35  84  154 34  173 
130 179 190 48  135 218 15  36  54  17  149 160 113 143 14  48  165 72  165 187 28  133 159 127 56  200 208 116 156 176 

Total Distance:   1685.113436
Execution Time:   26.34  sec
Absolute Gap:     0.000000
Relative Gap:     0.000000
============= inst 138 end=============

