============= inst 139 =============
Route:
1  5  30 3  22 2  20 1  
1  13 12 6  1  
1  15 4  10 11 8  1  
1  18 16 23 1  
1  28 25 19 27 7  17 1  
1  29 26 21 9  24 14 1  

Point Location:
91  184 196 99  151 100 72  101 211 105 112 11  47  197 89  28  81  44  59  142 213 202 18  198 47  217 76  55  207 178 
82  159 193 190 202 35  177 151 98  207 208 13  65  21  182 91  130 79  212 134 148 190 96  22  191 154 185 150 155 196 

Total Distance:   1698.403730
Execution Time:   40.69  sec
Absolute Gap:     0.000000
Relative Gap:     0.000000
============= inst 139 end=============

