============= inst 14 =============
Route:
1  2  22 7  16 26 13 1  
1  6  20 27 17 1  
1  11 12 18 8  25 24 1  
1  14 23 5  1  
1  28 30 3  4  21 9  1  
1  29 10 19 15 1  

Point Location:
102 166 30  30  64  118 213 157 73  68  187 200 142 61  25  184 130 207 19  130 67  182 47  100 90  182 150 51  74  35  
149 128 42  38  107 199 124 13  18  177 102 88  174 84  119 157 191 76  144 213 23  131 94  72  62  167 217 46  172 48  

Total Distance:   1525.008565
Execution Time:   47.95  sec
Absolute Gap:     0.000000
Relative Gap:     0.000000
============= inst 14 end=============

