============= inst 140 =============
Route:
1  4  30 23 9  19 26 1  
1  6  22 28 16 18 1  
1  10 12 8  13 5  27 1  
1  15 2  24 17 7  3  1  
1  25 14 11 1  
1  29 20 21 1  

Point Location:
124 50  52  123 21  189 51  57  87  67  166 74  29  177 60  113 15  139 89  72  77  204 106 7   160 91  11  142 100 132 
103 138 17  159 163 92  17  207 193 182 102 194 187 144 114 23  83  55  189 141 162 40  208 91  136 176 152 7   113 215 

Total Distance:   1576.934720
Execution Time:   13.92  sec
Absolute Gap:     0.000000
Relative Gap:     0.000000
============= inst 140 end=============

