============= inst 141 =============
Route:
1  6  30 23 1  
1  10 16 13 1  
1  14 9  8  28 4  20 1  
1  15 26 2  5  7  3  1  
1  19 21 17 11 12 29 1  
1  22 18 27 25 24 1  

Point Location:
82  15  28  134 16  96  8   154 83  75  150 130 57  86  50  61  186 97  146 119 205 77  83  165 190 11  187 178 122 98  
139 78  171 27  102 168 134 7   10  103 53  85  100 19  84  86  70  201 108 45  69  182 138 147 137 62  191 8   84  132 

Total Distance:   1529.465870
Execution Time:   94.70  sec
Absolute Gap:     0.000000
Relative Gap:     0.000000
============= inst 141 end=============

