============= inst 142 =============
Route:
1  2  10 4  11 21 9  1  
1  5  3  19 16 29 8  1  
1  6  14 27 28 23 22 1  
1  20 25 7  1  
1  26 18 15 12 13 1  
1  30 24 17 1  

Point Location:
96  104 203 145 169 87  103 143 162 141 172 14  28  15  41  184 125 43  206 121 183 74  56  155 117 67  12  39  173 116 
140 30  95  33  130 46  111 78  50  29  39  192 160 7   178 59  194 184 82  73  39  89  71  181 66  187 48  82  80  131 

Total Distance:   1546.068925
Execution Time:   55.59  sec
Absolute Gap:     0.000000
Relative Gap:     0.000000
============= inst 142 end=============

