============= inst 143 =============
Route:
1  10 2  11 28 25 22 1  
1  13 24 5  6  1  
1  14 7  9  23 8  1  
1  18 19 27 1  
1  20 16 26 4  12 1  
1  30 29 17 21 15 3  1  

Point Location:
87  15  103 122 21  52  170 140 178 11  9   91  51  131 181 165 203 118 121 148 191 45  155 47  49  170 119 7   209 192 
119 111 191 13  166 167 130 85  111 118 102 37  145 150 165 71  177 70  65  64  168 74  82  150 14  38  96  52  168 143 

Total Distance:   1502.337552
Execution Time:   29.86  sec
Absolute Gap:     0.000000
Relative Gap:     0.000000
============= inst 143 end=============

