============= inst 144 =============
Route:
1  7  21 24 6  1  
1  12 14 17 2  26 28 1  
1  15 29 27 23 1  
1  18 11 3  1  
1  20 4  9  5  25 16 1  
1  22 8  10 19 30 13 1  

Point Location:
87  35  73  197 172 47  43  196 170 174 52  47  144 30  114 152 40  86  178 199 41  163 124 46  153 70  141 56  110 167 
138 59  145 77  32  146 207 185 38  152 147 115 99  88  185 60  68  125 139 102 190 209 180 159 32  24  184 81  198 129 

Total Distance:   1398.341374
Execution Time:   42.59  sec
Absolute Gap:     0.000000
Relative Gap:     0.000000
============= inst 144 end=============

