============= inst 145 =============
Route:
1  6  24 23 1  
1  9  14 12 22 4  1  
1  11 18 20 3  15 10 1  
1  21 5  16 8  28 25 1  
1  26 13 19 7  30 17 1  
1  29 2  27 1  

Point Location:
52  17  38  95  193 26  204 205 63  14  105 130 161 77  20  196 182 86  169 99  116 125 59  34  136 137 56  188 31  194 
70  89  166 63  118 55  18  182 31  121 139 7   41  9   166 156 82  149 26  181 96  28  27  29  138 49  96  178 76  64  

Total Distance:   1567.411975
Execution Time:   109.22  sec
Absolute Gap:     0.000000
Relative Gap:     0.000000
============= inst 145 end=============

