============= inst 146 =============
Route:
1  8  29 3  27 22 1  
1  12 10 26 7  21 1  
1  18 16 5  11 9  25 1  
1  23 4  13 17 6  1  
1  24 28 19 1  
1  30 20 15 14 2  1  

Point Location:
91  74  193 209 7   134 173 142 31  157 27  130 186 55  48  15  182 12  84  44  113 112 190 128 43  199 147 113 181 67  
119 193 26  109 75  122 209 84  12  163 75  148 112 188 165 91  115 130 114 162 161 48  103 116 38  172 42  111 61  138 

Total Distance:   1456.155949
Execution Time:   35.28  sec
Absolute Gap:     0.000000
Relative Gap:     0.000000
============= inst 146 end=============

