============= inst 147 =============
Route:
1  2  26 6  29 10 11 1  
1  8  15 12 1  
1  19 30 5  21 17 27 1  
1  22 20 23 1  
1  25 4  3  13 14 1  
1  28 9  16 18 7  24 1  

Point Location:
105 164 199 170 91  207 27  125 74  207 138 105 193 162 131 28  11  24  103 46  22  76  55  78  124 212 55  91  217 104 
121 112 216 215 35  78  161 95  203 21  87  126 167 162 87  198 47  195 61  94  7   122 80  143 204 131 62  197 10  55  

Total Distance:   1548.841273
Execution Time:   11.56  sec
Absolute Gap:     0.000000
Relative Gap:     0.000000
============= inst 147 end=============

