============= inst 148 =============
Route:
1  9  11 21 27 15 12 1  
1  13 4  3  22 23 6  1  
1  14 25 28 1  
1  16 7  19 17 10 1  
1  20 18 5  30 2  8  1  
1  29 24 26 1  

Point Location:
99  116 200 165 210 167 96  103 115 56  100 37  117 92  18  84  27  136 54  130 77  165 172 32  98  37  28  115 46  160 
120 44  186 182 50  110 15  48  200 66  208 151 137 123 171 56  31  81  28  87  214 137 129 102 101 93  197 95  151 14  

Total Distance:   1481.036251
Execution Time:   15.33  sec
Absolute Gap:     0.000000
Relative Gap:     0.000000
============= inst 148 end=============

