============= inst 149 =============
Route:
1  8  3  13 17 18 12 1  
1  11 14 9  1  
1  23 4  6  19 2  16 1  
1  24 5  7  28 1  
1  25 26 15 29 22 10 1  
1  27 30 21 20 1  

Point Location:
150 26  33  46  105 43  117 44  191 167 215 53  43  202 197 86  36  37  8   178 181 200 80  103 143 149 213 137 203 203 
141 63  207 30  191 30  197 218 134 106 115 122 153 126 50  86  140 116 34  182 184 75  40  188 74  64  189 176 62  197 

Total Distance:   1438.382168
Execution Time:   2.14  sec
Absolute Gap:     0.000000
Relative Gap:     0.000000
============= inst 149 end=============

