============= inst 15 =============
Route:
1  6  4  3  12 29 18 1  
1  16 2  23 5  15 10 1  
1  20 30 13 1  
1  22 21 26 24 9  1  
1  25 7  17 19 27 1  
1  28 8  14 11 1  

Point Location:
112 177 96  161 217 178 82  22  132 199 48  98  165 15  207 168 125 45  112 116 217 188 211 150 92  205 108 56  91  156 
120 167 218 211 125 211 31  17  71  130 119 198 121 98  122 158 10  176 37  108 61  85  147 42  66  49  48  76  193 106 

Total Distance:   1595.181729
Execution Time:   5.45  sec
Absolute Gap:     0.000000
Relative Gap:     0.000000
============= inst 15 end=============

