============= inst 150 =============
Route:
1  2  5  29 1  
1  8  7  21 19 30 27 1  
1  11 28 4  10 16 18 1  
1  15 12 23 1  
1  20 6  14 13 25 1  
1  24 17 22 3  26 9  1  

Point Location:
101 44  34  146 52  128 164 148 70  170 82  26  161 158 24  163 24  196 195 127 186 33  50  17  153 69  165 120 76  202 
157 117 33  26  149 182 214 211 92  46  89  194 133 140 210 57  74  67  201 178 214 43  177 84  126 68  159 76  150 183 

Total Distance:   1455.568759
Execution Time:   35.02  sec
Absolute Gap:     0.000000
Relative Gap:     0.000000
============= inst 150 end=============

