============= inst 151 =============
Route:
1  2  16 11 3  29 26 1  
1  5  12 6  21 13 1  
1  8  15 7  19 4  9  1  
1  22 30 20 1  
1  24 25 10 14 27 18 1  
1  28 23 17 1  

Point Location:
77  142 213 162 96  108 199 128 97  103 208 130 89  125 216 173 25  87  170 49  81  53  7   47  102 151 106 34  177 23  
115 191 152 33  137 183 9   117 88  19  158 171 158 32  75  190 150 57  13  62  165 98  208 24  10  137 52  166 157 93  

Total Distance:   1602.349014
Execution Time:   48.64  sec
Absolute Gap:     0.000000
Relative Gap:     0.000000
============= inst 151 end=============

