============= inst 152 =============
Route:
1  4  26 7  8  9  2  1  
1  10 17 13 1  
1  15 5  6  1  
1  20 16 25 3  18 29 1  
1  22 14 12 24 30 19 1  
1  28 27 23 11 21 1  

Point Location:
58  119 174 170 86  99  216 196 162 53  21  25  62  39  84  151 28  195 106 120 24  36  13  64  168 206 10  20  148 126 
57  196 104 135 73  35  203 210 216 54  85  158 13  133 80  101 37  44  130 95  71  103 92  196 96  164 63  58  42  135 

Total Distance:   1561.592275
Execution Time:   78.59  sec
Absolute Gap:     0.000000
Relative Gap:     0.000000
============= inst 152 end=============

