============= inst 153 =============
Route:
1  4  26 14 22 20 1  
1  6  29 2  3  24 25 1  
1  9  19 12 18 23 27 1  
1  13 21 16 1  
1  15 11 5  7  10 17 1  
1  30 28 8  1  

Point Location:
117 203 210 176 136 195 137 105 59  167 133 8   145 209 112 135 158 20  45  193 173 206 70  188 180 183 99  121 200 133 
151 64  36  157 15  99  8   123 44  25  46  85  204 154 42  170 94  157 77  123 218 148 195 82  99  162 217 108 77  135 

Total Distance:   1583.178528
Execution Time:   41.77  sec
Absolute Gap:     0.000000
Relative Gap:     0.000000
============= inst 153 end=============

