============= inst 154 =============
Route:
1  3  13 27 2  14 1  
1  18 11 9  6  12 23 1  
1  21 17 28 19 30 4  1  
1  24 10 20 1  
1  26 25 5  15 8  16 1  
1  29 22 7  1  

Point Location:
148 82  74  153 12  206 139 35  205 106 204 213 67  121 9   40  81  170 74  124 87  166 215 101 22  28  78  68  201 114 
129 17  63  172 121 206 120 94  211 134 206 168 30  67  52  94  113 185 172 130 117 70  153 140 171 191 12  137 49  190 

Total Distance:   1537.789203
Execution Time:   37.38  sec
Absolute Gap:     0.000000
Relative Gap:     0.000000
============= inst 154 end=============

