============= inst 155 =============
Route:
1  5  16 20 1  
1  11 13 10 4  2  1  
1  17 21 27 14 22 1  
1  18 3  12 8  15 7  1  
1  24 28 6  30 23 26 1  
1  25 9  29 19 1  

Point Location:
118 186 15  203 84  21  59  19  56  205 178 15  212 204 16  76  158 13  58  71  183 117 31  36  92  40  207 34  55  12  
79  159 50  195 133 136 20  44  43  188 129 49  150 28  7   126 82  98  65  114 62  8   203 111 53  194 32  119 43  211 

Total Distance:   1582.745758
Execution Time:   31.59  sec
Absolute Gap:     0.000000
Relative Gap:     0.000000
============= inst 155 end=============

