============= inst 156 =============
Route:
1  4  16 25 2  6  27 1  
1  12 7  26 1  
1  17 5  13 9  8  30 1  
1  19 18 21 11 1  
1  23 3  15 20 28 1  
1  29 10 14 24 22 1  

Point Location:
127 111 42  157 167 108 184 184 207 173 107 171 196 209 34  139 165 47  101 68  99  151 60  191 120 200 105 86  154 167 
129 20  173 42  183 34  111 184 199 65  83  120 205 67  142 15  167 46  115 132 57  109 202 83  20  135 43  140 82  153 

Total Distance:   1386.036602
Execution Time:   11.98  sec
Absolute Gap:     0.000000
Relative Gap:     0.000000
============= inst 156 end=============

