============= inst 157 =============
Route:
1  4  29 6  24 18 13 1  
1  9  16 10 1  
1  17 7  21 2  19 11 1  
1  22 30 15 8  1  
1  27 23 25 3  26 5  1  
1  28 14 12 20 1  

Point Location:
95  115 194 171 154 216 132 40  34  43  20  86  160 89  14  8   146 166 21  78  112 73  149 178 150 204 142 128 217 18  
92  210 25  152 93  217 184 59  95  85  174 13  175 14  10  101 184 175 205 49  189 61  19  212 20  55  14  34  151 12  

Total Distance:   1704.894940
Execution Time:   24.81  sec
Absolute Gap:     0.000000
Relative Gap:     0.000000
============= inst 157 end=============

