============= inst 158 =============
Route:
1  8  23 19 29 16 30 1  
1  9  21 7  1  
1  10 24 14 1  
1  15 6  12 2  13 1  
1  20 5  27 25 22 28 1  
1  26 18 17 4  3  11 1  

Point Location:
159 197 44  14  32  108 164 120 141 209 58  140 165 187 149 212 7   23  127 78  135 33  130 191 34  84  25  45  136 203 
124 8   103 163 83  12  149 150 87  99  119 18  56  97  37  216 186 203 191 90  86  12  171 81  48  153 51  30  206 188 

Total Distance:   1700.541230
Execution Time:   58.94  sec
Absolute Gap:     0.000000
Relative Gap:     0.000000
============= inst 158 end=============

