============= inst 159 =============
Route:
1  3  13 16 2  1  
1  4  11 21 29 25 12 1  
1  10 18 15 1  
1  23 5  20 14 6  7  1  
1  26 9  17 28 30 24 1  
1  27 19 8  22 1  

Point Location:
52  8   86  100 78  36  25  7   176 69  157 101 69  62  65  22  174 70  17  78  189 39  72  119 121 175 19  185 204 167 
70  33  32  86  146 186 172 155 108 90  123 133 19  201 109 22  79  121 135 171 147 146 129 67  171 117 106 33  185 39  

Total Distance:   1574.463818
Execution Time:   65.17  sec
Absolute Gap:     0.000000
Relative Gap:     0.000000
============= inst 159 end=============

