============= inst 16 =============
Route:
1  6  13 4  14 2  1  
1  7  18 28 24 26 25 1  
1  8  16 3  29 12 5  1  
1  10 21 22 1  
1  15 27 23 1  
1  30 17 19 9  20 11 1  

Point Location:
93  44  212 92  186 137 86  192 173 105 179 197 97  77  133 198 155 87  162 209 122 121 72  22  45  26  105 8   200 143 
103 13  51  7   33  8   161 82  172 99  99  17  17  26  132 58  185 188 211 110 53  54  120 168 80  104 142 201 41  158 

Total Distance:   1611.975417
Execution Time:   91.86  sec
Absolute Gap:     0.000000
Relative Gap:     0.000000
============= inst 16 end=============

