============= inst 160 =============
Route:
1  6  22 20 17 21 18 1  
1  7  9  16 1  
1  14 29 2  19 4  13 1  
1  23 27 12 10 8  30 1  
1  25 24 28 1  
1  26 5  15 11 3  1  

Point Location:
102 152 146 171 178 74  9   200 27  190 210 190 149 124 196 76  25  77  186 24  36  67  182 124 74  172 193 128 125 157 
122 205 31  175 76  31  123 144 136 166 41  170 170 188 77  132 62  112 217 35  77  10  178 161 176 91  180 153 201 143 

Total Distance:   1493.043253
Execution Time:   29.91  sec
Absolute Gap:     0.000000
Relative Gap:     0.000000
============= inst 160 end=============

