============= inst 161 =============
Route:
1  13 23 19 1  
1  15 4  11 17 9  27 1  
1  20 5  12 18 7  24 1  
1  21 25 29 1  
1  26 22 3  10 8  1  
1  30 28 2  16 6  14 1  

Point Location:
63  9   190 46  147 45  121 116 155 173 61  201 76  44  55  36  128 143 59  132 83  159 78  108 54  96  138 26  38  38  
91  150 124 177 25  128 64  135 200 128 215 10  104 113 158 153 217 63  123 19  60  121 110 71  36  79  184 140 59  108 

Total Distance:   1398.496231
Execution Time:   119.23  sec
Absolute Gap:     0.000000
Relative Gap:     0.000000
============= inst 161 end=============

