============= inst 162 =============
Route:
1  6  11 12 8  19 13 1  
1  7  18 3  21 10 30 1  
1  14 9  5  1  
1  15 25 4  1  
1  26 23 29 2  20 22 1  
1  27 16 24 17 28 1  

Point Location:
124 161 13  217 142 87  61  125 167 27  95  112 188 133 142 19  109 34  149 169 33  159 151 14  204 119 50  127 153 63  
90  172 202 99  89  148 209 201 85  126 176 197 202 94  50  49  7   215 202 171 175 123 157 20  20  135 59  7   169 97  

Total Distance:   1631.943626
Execution Time:   54.92  sec
Absolute Gap:     0.000000
Relative Gap:     0.000000
============= inst 162 end=============

