============= inst 163 =============
Route:
1  9  17 30 1  
1  10 15 24 16 18 3  1  
1  12 8  5  19 11 25 1  
1  13 7  26 1  
1  20 14 2  4  28 1  
1  21 23 22 29 6  27 1  

Point Location:
132 189 10  189 171 29  90  213 115 90  124 213 101 190 37  27  80  22  122 211 66  23  37  41  121 106 63  150 33  60  
117 81  131 78  11  92  113 34  136 211 26  72  119 101 206 159 163 142 14  143 74  28  24  198 60  111 89  62  62  155 

Total Distance:   1533.025556
Execution Time:   20.06  sec
Absolute Gap:     0.000000
Relative Gap:     0.000000
============= inst 163 end=============

