============= inst 164 =============
Route:
1  13 28 4  5  29 12 1  
1  14 3  2  16 26 18 1  
1  17 9  25 8  11 1  
1  23 27 15 22 1  
1  24 6  21 10 7  1  
1  30 19 20 1  

Point Location:
73  212 166 208 163 62  25  152 178 38  126 110 156 133 18  212 128 128 129 134 35  14  94  64  153 215 59  169 148 120 
120 148 122 25  12  210 162 195 196 175 197 79  66  107 8   97  159 94  135 132 214 65  16  191 195 85  38  42  41  133 

Total Distance:   1695.940843
Execution Time:   44.14  sec
Absolute Gap:     0.000000
Relative Gap:     0.000000
============= inst 164 end=============

