============= inst 165 =============
Route:
1  3  18 15 1  
1  10 8  27 7  16 2  1  
1  13 28 20 25 21 6  1  
1  22 17 11 19 1  
1  24 29 23 26 1  
1  30 9  4  14 12 5  1  

Point Location:
132 16  187 59  53  161 45  29  103 48  85  45  194 52  122 42  102 181 107 193 146 123 116 97  179 143 46  218 110 114 
160 150 169 54  88  80  185 213 66  213 134 46  105 33  155 167 108 151 159 52  36  108 218 193 15  208 196 52  215 60  

Total Distance:   1508.339422
Execution Time:   116.70  sec
Absolute Gap:     0.000000
Relative Gap:     0.000000
============= inst 165 end=============

