============= inst 166 =============
Route:
1  5  9  28 21 1  
1  8  3  30 6  23 29 1  
1  11 19 15 1  
1  14 20 22 13 1  
1  18 7  16 17 26 24 1  
1  25 10 27 2  4  12 1  

Point Location:
76  47  96  51  36  179 155 108 21  24  74  73  78  145 96  183 192 123 78  121 60  85  187 190 22  207 10  23  166 86  
75  184 188 170 80  212 51  126 53  131 74  156 22  26  46  47  40  64  45  14  22  11  137 64  106 44  178 11  115 201 

Total Distance:   1517.733725
Execution Time:   54.44  sec
Absolute Gap:     0.000000
Relative Gap:     0.000000
============= inst 166 end=============

