============= inst 167 =============
Route:
1  5  26 12 4  2  18 1  
1  6  25 16 29 30 7  1  
1  9  13 17 1  
1  11 20 21 8  19 3  1  
1  24 14 22 1  
1  28 27 23 10 15 1  

Point Location:
82  172 84  211 165 192 162 96  116 78  31  173 107 37  110 199 100 146 104 31  81  70  8   42  192 162 21  38  206 193 
120 105 159 97  75  208 112 180 162 40  174 9   160 111 78  167 156 100 181 179 180 113 41  130 199 68  82  76  161 155 

Total Distance:   1464.772118
Execution Time:   34.38  sec
Absolute Gap:     0.000000
Relative Gap:     0.000000
============= inst 167 end=============

