============= inst 168 =============
Route:
1  2  27 26 20 12 14 1  
1  11 6  9  4  24 22 1  
1  13 3  7  29 16 18 1  
1  15 25 8  1  
1  17 21 5  30 10 1  
1  28 19 23 1  

Point Location:
60  48  179 102 130 132 212 107 138 137 137 86  154 71  87  167 114 137 92  48  113 106 36  106 108 15  26  74  218 138 
120 65  167 11  181 58  145 140 40  167 77  57  157 76  116 98  176 122 201 36  198 65  207 20  123 9   36  188 142 182 

Total Distance:   1527.076825
Execution Time:   44.11  sec
Absolute Gap:     0.000000
Relative Gap:     0.000000
============= inst 168 end=============

