============= inst 169 =============
Route:
1  8  15 22 5  17 12 1  
1  10 23 7  9  3  1  
1  11 19 6  20 27 28 1  
1  13 24 4  1  
1  16 21 30 1  
1  18 2  14 26 29 25 1  

Point Location:
61  36  148 105 203 194 156 143 155 156 162 168 90  20  155 90  184 58  210 199 74  169 167 133 37  16  189 132 23  59  
154 22  179 194 85  176 178 44  186 147 216 88  161 23  22  120 88  86  213 158 80  58  167 194 80  22  124 95  54  108 

Total Distance:   1697.739492
Execution Time:   117.78  sec
Absolute Gap:     0.000000
Relative Gap:     0.000000
============= inst 169 end=============

