============= inst 17 =============
Route:
1  10 12 24 19 3  5  1  
1  14 6  27 11 1  
1  17 9  16 15 8  25 1  
1  20 4  30 1  
1  21 22 2  23 28 18 1  
1  26 13 29 7  1  

Point Location:
93  194 14  165 39  37  135 60  75  92  93  88  136 42  46  27  75  170 56  163 153 181 182 69  72  117 75  183 178 125 
151 62  56  103 88  121 217 167 214 56  119 17  167 134 188 216 204 93  7   121 51  53  76  27  165 165 122 78  183 124 

Total Distance:   1437.723492
Execution Time:   39.59  sec
Absolute Gap:     0.000000
Relative Gap:     0.000000
============= inst 17 end=============

