============= inst 170 =============
Route:
1  2  4  8  25 9  18 1  
1  5  30 29 1  
1  17 3  14 13 11 1  
1  26 22 6  21 1  
1  27 24 12 19 20 10 1  
1  28 15 23 16 7  1  

Point Location:
112 134 67  121 117 108 130 89  202 150 68  211 10  54  182 172 71  190 203 166 100 122 192 214 133 131 194 174 115 123 
142 77  76  38  161 85  135 8   36  211 159 201 161 112 142 109 94  65  194 198 104 95  123 174 19  105 171 156 150 171 

Total Distance:   1372.823665
Execution Time:   17.27  sec
Absolute Gap:     0.000000
Relative Gap:     0.000000
============= inst 170 end=============

