============= inst 171 =============
Route:
1  14 2  11 17 27 16 1  
1  15 12 6  3  1  
1  19 8  7  25 1  
1  20 24 30 4  1  
1  28 18 23 13 26 22 1  
1  29 9  10 5  21 1  

Point Location:
133 54  205 139 162 184 103 90  138 150 10  163 18  58  161 99  7   53  89  160 169 58  14  208 119 41  83  65  130 142 
92  13  108 39  203 94  32  39  192 192 26  77  154 43  80  84  79  201 43  47  211 104 162 25  52  127 75  209 132 32  

Total Distance:   1511.380057
Execution Time:   13.38  sec
Absolute Gap:     0.000000
Relative Gap:     0.000000
============= inst 171 end=============

