============= inst 172 =============
Route:
1  7  4  23 14 18 27 1  
1  11 15 20 1  
1  13 5  3  17 21 9  1  
1  19 16 26 6  29 12 1  
1  25 28 8  1  
1  30 2  22 10 24 1  

Point Location:
158 51  59  110 69  215 128 157 28  73  203 196 133 112 182 179 36  135 174 165 9   48  88  100 196 204 134 161 196 83  
95  119 203 51  215 50  63  161 120 86  88  53  186 22  83  30  200 15  55  81  195 109 51  74  197 8   43  169 44  114 

Total Distance:   1479.910159
Execution Time:   5.50  sec
Absolute Gap:     0.000000
Relative Gap:     0.000000
============= inst 172 end=============

