============= inst 173 =============
Route:
1  7  30 17 16 1  
1  8  21 18 3  1  
1  9  14 22 12 2  15 1  
1  10 25 26 1  
1  11 6  19 28 5  27 1  
1  13 24 23 29 4  20 1  

Point Location:
149 26  207 146 95  58  81  155 110 180 76  26  183 97  61  135 129 210 20  159 198 48  197 181 148 146 120 38  137 86  
134 100 193 31  215 188 100 183 69  115 166 87  63  62  130 100 101 214 174 51  208 19  12  51  69  84  187 206 20  93  

Total Distance:   1575.963757
Execution Time:   7.84  sec
Absolute Gap:     0.000000
Relative Gap:     0.000000
============= inst 173 end=============

