============= inst 174 =============
Route:
1  2  4  9  20 24 1  
1  3  12 7  11 8  13 1  
1  6  28 29 1  
1  17 10 19 25 23 1  
1  22 15 18 16 27 26 1  
1  30 21 5  14 1  

Point Location:
88  24  131 15  28  91  120 52  19  200 83  121 45  79  187 211 120 195 165 36  7   174 115 55  156 144 191 80  77  69  
70  66  188 39  124 19  186 211 9   56  205 185 172 114 130 131 96  183 39  30  117 124 41  38  19  98  110 8   62  79  

Total Distance:   1566.130433
Execution Time:   98.52  sec
Absolute Gap:     0.000000
Relative Gap:     0.000000
============= inst 174 end=============

