============= inst 175 =============
Route:
1  4  10 29 7  21 22 1  
1  5  26 16 27 8  25 1  
1  9  30 17 24 1  
1  12 3  6  13 14 1  
1  15 20 11 2  23 1  
1  19 28 18 1  

Point Location:
155 9   187 96  178 216 98  210 99  50  49  167 207 189 93  208 106 156 111 84  137 145 52  125 209 194 212 140 93  101 
77  8   170 143 101 206 214 111 100 176 32  182 165 131 71  131 128 50  19  55  216 177 16  121 63  114 130 16  192 109 

Total Distance:   1577.421306
Execution Time:   8.48  sec
Absolute Gap:     0.000000
Relative Gap:     0.000000
============= inst 175 end=============

