============= inst 176 =============
Route:
1  14 13 27 8  23 1  
1  19 11 10 9  16 18 1  
1  25 5  20 1  
1  26 6  22 3  12 4  1  
1  28 21 30 1  
1  29 7  2  24 17 15 1  

Point Location:
85  215 198 140 48  203 197 18  25  57  77  188 10  61  159 25  189 42  102 67  123 212 38  191 110 132 7   109 162 120 
106 113 17  30  216 42  103 137 31  24  11  25  94  100 188 57  185 86  11  165 41  11  131 176 151 70  120 44  119 51  

Total Distance:   1587.953780
Execution Time:   3.13  sec
Absolute Gap:     0.000000
Relative Gap:     0.000000
============= inst 176 end=============

