============= inst 177 =============
Route:
1  8  22 13 30 18 27 1  
1  14 15 23 7  5  11 1  
1  17 2  19 29 1  
1  21 28 12 1  
1  25 3  24 6  10 4  1  
1  26 20 16 9  1  

Point Location:
152 89  55  128 34  67  23  89  191 136 84  143 137 78  42  207 115 209 106 204 174 111 9   57  99  195 200 139 106 181 
83  148 80  33  105 15  122 211 46  15  101 90  212 148 161 30  111 203 149 96  74  217 166 76  87  127 162 93  137 213 

Total Distance:   1573.162828
Execution Time:   95.42  sec
Absolute Gap:     0.000000
Relative Gap:     0.000000
============= inst 177 end=============

