============= inst 178 =============
Route:
1  2  26 10 18 19 4  1  
1  3  23 8  15 7  25 1  
1  5  24 21 14 1  
1  13 22 29 20 6  1  
1  28 9  17 1  
1  30 11 16 27 12 1  

Point Location:
88  188 64  183 111 106 37  28  71  215 23  62  83  143 27  12  73  209 198 161 146 137 52  157 46  196 19  75  187 32  
107 166 71  134 52  154 69  47  75  204 148 166 213 97  71  188 91  162 142 190 89  217 73  15  80  182 181 76  201 140 

Total Distance:   1462.459340
Execution Time:   104.48  sec
Absolute Gap:     0.000000
Relative Gap:     0.000000
============= inst 178 end=============

