============= inst 179 =============
Route:
1  12 3  29 24 14 1  
1  13 22 26 1  
1  15 6  23 1  
1  25 8  10 18 9  11 1  
1  27 28 7  19 21 20 1  
1  30 17 4  5  2  16 1  

Point Location:
150 22  83  39  17  179 195 9   59  18  81  86  155 100 193 50  29  56  136 133 120 145 167 71  69  116 159 200 75  54  
75  31  15  76  30  131 194 197 120 167 95  12  49  55  125 23  96  129 185 149 178 23  128 29  158 74  152 192 7   98  

Total Distance:   1573.094760
Execution Time:   6.91  sec
Absolute Gap:     0.000000
Relative Gap:     0.000000
============= inst 179 end=============

