============= inst 18 =============
Route:
1  6  2  23 4  27 10 1  
1  13 8  29 1  
1  15 3  12 1  
1  18 9  11 28 20 1  
1  21 5  22 26 24 19 1  
1  25 16 7  30 17 14 1  

Point Location:
122 196 82  209 80  139 175 165 33  181 12  94  162 172 84  164 196 58  34  54  81  67  203 17  132 41  184 42  113 218 
91  16  52  82  77  55  205 151 210 99  206 8   136 176 56  204 168 182 128 175 76  54  73  130 182 68  92  189 137 217 

Total Distance:   1611.709497
Execution Time:   54.14  sec
Absolute Gap:     0.000000
Relative Gap:     0.000000
============= inst 18 end=============

