============= inst 180 =============
Route:
1  4  2  9  19 12 1  
1  5  25 27 29 24 1  
1  6  28 18 23 16 1  
1  10 17 11 13 21 26 1  
1  14 7  8  1  
1  22 3  30 20 15 1  

Point Location:
78  173 170 146 89  57  32  51  138 132 211 116 206 55  125 24  181 44  126 179 208 144 49  24  84  215 66  55  35  198 
98  125 10  108 183 19  74  88  161 212 212 139 187 68  87  55  215 8   154 87  158 34  23  127 196 136 177 14  138 83  

Total Distance:   1582.618931
Execution Time:   48.50  sec
Absolute Gap:     0.000000
Relative Gap:     0.000000
============= inst 180 end=============

