============= inst 181 =============
Route:
1  8  15 23 2  20 1  
1  21 16 18 1  
1  22 12 3  26 1  
1  24 7  27 17 10 19 1  
1  29 6  5  14 13 11 1  
1  30 9  4  25 28 1  

Point Location:
92  34  14  36  213 195 134 91  10  170 154 15  162 179 20  110 217 89  155 52  112 18  14  110 69  20  155 73  172 45  
108 171 94  12  59  86  185 193 58  154 63  100 27  70  211 95  202 139 155 124 87  103 199 150 31  85  186 65  99  74  

Total Distance:   1525.020252
Execution Time:   0.59  sec
Absolute Gap:     0.000000
Relative Gap:     0.000000
============= inst 181 end=============

