============= inst 182 =============
Route:
1  5  20 18 6  11 1  
1  7  14 13 1  
1  9  22 24 21 1  
1  15 17 12 19 29 4  1  
1  16 3  28 23 25 1  
1  30 2  26 27 10 8  1  

Point Location:
104 160 111 126 167 212 89  145 17  196 195 217 88  79  157 137 187 206 215 198 13  25  83  30  91  163 192 76  198 144 
95  182 216 87  109 137 93  139 135 177 132 64  105 98  83  200 80  121 50  112 41  117 158 70  132 185 198 172 53  141 

Total Distance:   1417.427836
Execution Time:   77.69  sec
Absolute Gap:     0.000000
Relative Gap:     0.000000
============= inst 182 end=============

