============= inst 183 =============
Route:
1  3  21 7  4  18 24 1  
1  10 25 29 1  
1  14 6  16 30 27 1  
1  15 26 13 1  
1  22 19 5  17 8  9  1  
1  23 12 20 11 2  28 1  

Point Location:
134 7   158 206 25  54  202 49  71  151 52  104 116 97  110 46  29  206 34  77  177 36  122 191 206 104 62  46  154 33  
92  155 39  59  69  119 41  11  7   113 201 207 79  121 81  113 25  65  87  173 37  90  203 59  162 72  107 146 151 99  

Total Distance:   1458.464226
Execution Time:   13.61  sec
Absolute Gap:     0.000000
Relative Gap:     0.000000
============= inst 183 end=============

