============= inst 184 =============
Route:
1  3  15 14 29 26 22 1  
1  8  9  13 4  16 6  1  
1  17 7  12 21 20 10 1  
1  19 2  11 18 23 1  
1  27 30 5  1  
1  28 24 25 1  

Point Location:
140 94  185 201 129 185 82  187 195 11  91  60  218 142 166 193 105 65  107 13  55  121 91  167 183 125 126 133 126 108 
71  179 176 66  51  60  52  124 118 79  183 23  91  197 192 54  56  204 144 66  31  157 129 34  41  160 12  63  210 12  

Total Distance:   1431.055597
Execution Time:   105.58  sec
Absolute Gap:     0.000000
Relative Gap:     0.000000
============= inst 184 end=============

