============= inst 185 =============
Route:
1  8  2  7  28 27 1  
1  10 9  17 1  
1  22 25 11 4  14 16 1  
1  24 19 21 26 15 23 1  
1  29 6  20 3  5  13 1  
1  30 18 12 1  

Point Location:
162 173 27  158 16  20  174 171 216 207 175 210 34  148 87  121 205 196 54  25  52  151 98  109 159 74  184 180 71  179 
111 184 110 28  129 39  201 161 37  51  12  68  147 28  170 69  41  61  212 50  198 41  106 205 35  173 147 162 44  85  

Total Distance:   1534.189029
Execution Time:   16.45  sec
Absolute Gap:     0.000000
Relative Gap:     0.000000
============= inst 185 end=============

