============= inst 186 =============
Route:
1  7  11 30 21 24 10 1  
1  9  17 23 2  25 15 1  
1  12 29 28 26 18 16 1  
1  14 5  20 19 4  1  
1  22 13 6  1  
1  27 3  8  1  

Point Location:
127 161 148 59  70  108 210 144 151 206 218 95  169 101 149 27  152 67  56  61  212 173 156 215 153 50  115 107 106 208 
132 40  211 135 171 130 154 182 53  60  132 42  147 162 37  96  52  66  152 168 82  133 43  59  18  42  175 20  27  99  

Total Distance:   1410.465684
Execution Time:   111.14  sec
Absolute Gap:     0.000000
Relative Gap:     0.000000
============= inst 186 end=============

