============= inst 187 =============
Route:
1  7  9  14 19 22 11 1  
1  13 2  28 4  8  1  
1  15 17 12 1  
1  18 29 26 23 20 16 1  
1  24 30 3  10 6  21 1  
1  27 5  25 1  

Point Location:
122 43  215 9   201 213 32  8   10  213 83  101 98  50  106 153 101 95  55  189 206 74  212 195 181 143 184 17  132 217 
75  29  58  61  125 69  157 99  186 59  181 182 61  162 147 173 166 218 170 193 81  178 212 57  96  218 136 10  210 18  

Total Distance:   1820.964971
Execution Time:   27.13  sec
Absolute Gap:     0.000000
Relative Gap:     0.000000
============= inst 187 end=============

