============= inst 188 =============
Route:
1  4  25 29 1  
1  8  7  2  12 17 13 1  
1  16 22 14 6  19 1  
1  20 28 26 23 18 9  1  
1  21 24 15 5  27 3  1  
1  30 11 10 1  

Point Location:
109 95  187 195 212 26  111 139 135 129 149 89  15  25  217 62  16  163 81  168 173 12  177 200 209 205 194 184 200 127 
140 51  173 95  193 217 37  85  10  116 137 38  29  209 198 176 25  12  183 38  203 204 29  193 93  36  175 35  110 167 

Total Distance:   1615.632960
Execution Time:   4.72  sec
Absolute Gap:     0.000000
Relative Gap:     0.000000
============= inst 188 end=============

