============= inst 189 =============
Route:
1  6  22 26 30 1  
1  7  3  19 27 9  20 1  
1  13 28 29 17 15 16 1  
1  14 11 23 12 1  
1  24 10 2  5  21 4  1  
1  25 8  18 1  

Point Location:
127 148 67  118 53  126 84  110 100 205 207 186 28  181 67  118 28  102 71  137 83  136 187 188 122 142 73  23  9   142 
109 16  123 79  11  143 123 94  177 40  166 110 96  151 217 215 218 117 147 178 55  149 116 58  99  138 147 145 201 135 

Total Distance:   1436.039473
Execution Time:   7.03  sec
Absolute Gap:     0.000000
Relative Gap:     0.000000
============= inst 189 end=============

