============= inst 19 =============
Route:
1  3  19 27 13 1  
1  9  12 23 21 5  28 1  
1  10 25 15 29 1  
1  17 8  14 1  
1  20 30 6  16 24 4  1  
1  22 11 2  18 26 7  1  

Point Location:
53  191 18  155 104 210 174 102 77  19  164 114 49  97  42  166 85  206 10  182 139 121 144 161 27  193 10  69  45  203 
145 130 142 21  190 18  180 119 154 52  122 155 209 101 25  19  140 175 153 80  207 117 209 22  50  171 200 172 69  39  

Total Distance:   1618.740497
Execution Time:   115.01  sec
Absolute Gap:     0.000000
Relative Gap:     0.000000
============= inst 19 end=============

