============= inst 190 =============
Route:
1  2  14 15 12 1  
1  4  5  11 1  
1  8  7  24 18 25 22 1  
1  16 26 29 13 23 1  
1  17 10 28 3  27 19 1  
1  21 30 6  20 9  1  

Point Location:
107 95  19  66  64  130 120 83  123 26  67  111 125 96  115 90  38  194 82  130 131 140 135 157 159 94  46  12  93  190 
122 177 192 153 150 179 34  42  155 81  140 182 61  190 208 103 76  40  178 177 152 54  77  17  42  90  196 147 76  181 

Total Distance:   1354.133950
Execution Time:   2.74  sec
Absolute Gap:     0.000000
Relative Gap:     0.000000
============= inst 190 end=============

