============= inst 191 =============
Route:
1  4  30 23 2  11 1  
1  7  17 21 1  
1  12 8  5  29 26 27 1  
1  18 20 16 14 24 19 1  
1  22 10 13 1  
1  28 25 9  6  3  15 1  

Point Location:
144 199 68  139 178 13  193 216 58  87  162 202 112 45  107 22  201 115 60  92  210 146 170 31  62  178 167 96  153 152 
84  9   13  28  185 28  74  161 45  115 61  129 106 161 29  214 95  175 98  178 109 121 9   135 55  153 116 48  184 27  

Total Distance:   1570.273925
Execution Time:   3.27  sec
Absolute Gap:     0.000000
Relative Gap:     0.000000
============= inst 191 end=============

