============= inst 192 =============
Route:
1  4  20 15 8  18 27 1  
1  6  5  23 1  
1  9  25 13 1  
1  19 12 14 11 16 24 1  
1  21 10 17 30 28 7  1  
1  26 22 2  3  29 1  

Point Location:
70  101 128 29  30  10  97  64  64  146 169 200 108 192 24  149 163 88  146 11  133 77  31  148 122 44  90  111 99  141 
92  204 191 63  114 110 15  39  87  42  187 145 116 159 24  203 14  55  112 37  60  199 120 189 117 187 57  31  144 29  

Total Distance:   1430.531818
Execution Time:   20.83  sec
Absolute Gap:     0.000000
Relative Gap:     0.000000
============= inst 192 end=============

