============= inst 193 =============
Route:
1  9  28 12 19 4  25 1  
1  11 15 8  24 1  
1  14 29 3  1  
1  18 6  10 7  1  
1  23 13 26 2  17 21 1  
1  30 5  16 22 27 20 1  

Point Location:
67  27  67  200 115 63  79  111 174 61  138 218 9   104 117 192 39  46  204 173 40  205 20  87  153 12  195 201 99  55  
136 203 141 18  217 69  57  88  62  54  85  43  169 130 73  198 197 99  21  143 184 198 138 97  8   212 119 79  132 195 

Total Distance:   1560.699836
Execution Time:   93.16  sec
Absolute Gap:     0.000000
Relative Gap:     0.000000
============= inst 193 end=============

