============= inst 194 =============
Route:
1  3  5  29 12 21 1  
1  4  10 16 25 11 7  1  
1  6  26 2  1  
1  13 8  18 14 30 15 1  
1  22 19 9  28 27 20 1  
1  24 17 23 1  

Point Location:
117 178 190 61  194 186 11  19  153 62  11  132 15  28  83  8   105 31  159 148 125 127 105 85  14  190 210 199 167 67  
127 106 76  134 57  129 85  64  215 144 89  31  72  15  87  160 171 28  202 152 31  167 165 180 134 127 181 211 17  41  

Total Distance:   1515.817370
Execution Time:   19.48  sec
Absolute Gap:     0.000000
Relative Gap:     0.000000
============= inst 194 end=============

