============= inst 195 =============
Route:
1  8  30 4  29 13 6  1  
1  9  27 7  5  15 1  
1  14 25 22 18 11 26 1  
1  20 28 21 2  12 10 1  
1  23 17 19 1  
1  24 16 3  1  

Point Location:
146 9   183 187 85  160 89  204 107 118 14  54  178 30  100 150 104 11  153 55  53  23  121 132 22  45  94  42  194 200 
114 34  98  175 134 151 105 157 68  13  112 48  211 168 136 88  200 120 165 93  79  165 177 90  171 114 90  88  194 161 

Total Distance:   1507.703920
Execution Time:   33.36  sec
Absolute Gap:     0.000000
Relative Gap:     0.000000
============= inst 195 end=============

