============= inst 196 =============
Route:
1  5  27 18 26 1  
1  7  8  23 4  6  9  1  
1  12 17 19 10 11 1  
1  13 3  28 14 30 1  
1  16 2  15 1  
1  21 20 24 25 29 22 1  

Point Location:
102 20  25  214 128 196 200 210 171 207 150 158 36  24  30  85  211 83  204 27  32  110 202 35  37  77  103 8   93  45  
115 123 189 18  192 37  99  103 74  203 159 141 207 161 117 144 163 191 190 55  70  93  47  48  38  188 204 172 40  161 

Total Distance:   1575.917570
Execution Time:   1.59  sec
Absolute Gap:     0.000000
Relative Gap:     0.000000
============= inst 196 end=============

