============= inst 197 =============
Route:
1  2  22 5  11 1  
1  6  10 25 1  
1  9  13 14 3  4  30 1  
1  20 23 16 15 21 7  1  
1  27 8  24 19 1  
1  28 18 26 12 17 29 1  

Point Location:
130 178 19  44  156 198 68  189 93  218 137 210 15  45  30  46  193 137 167 122 48  168 43  189 183 165 159 117 200 66  
135 82  31  30  83  128 138 159 125 102 80  19  101 53  160 164 62  7   173 216 136 83  211 192 99  39  145 41  74  38  

Total Distance:   1638.120753
Execution Time:   4.16  sec
Absolute Gap:     0.000000
Relative Gap:     0.000000
============= inst 197 end=============

