============= inst 198 =============
Route:
1  5  12 9  16 19 14 1  
1  6  28 3  8  22 25 1  
1  13 23 26 1  
1  21 18 7  15 1  
1  29 10 24 27 2  1  
1  30 11 17 4  20 1  

Point Location:
100 84  52  120 183 107 141 48  218 7   137 181 94  197 115 210 135 148 202 102 141 51  125 28  68  122 45  65  56  123 
125 138 7   46  107 10  107 23  60  130 39  93  196 188 122 104 38  110 127 79  95  44  183 150 46  136 156 13  117 61  

Total Distance:   1406.099856
Execution Time:   51.01  sec
Absolute Gap:     0.000000
Relative Gap:     0.000000
============= inst 198 end=============

