============= inst 199 =============
Route:
1  11 9  22 6  3  4  1  
1  17 25 13 19 21 10 1  
1  18 16 27 1  
1  20 14 8  29 1  
1  24 15 7  23 2  26 1  
1  28 30 12 5  1  

Point Location:
97  70  87  120 122 56  13  12  65  154 76  166 175 18  8   161 147 131 201 42  213 53  15  55  157 81  157 131 30  144 
118 190 11  39  161 55  185 98  70  129 80  188 67  100 169 88  57  90  48  100 138 56  191 162 74  179 104 150 68  161 

Total Distance:   1441.879451
Execution Time:   4.17  sec
Absolute Gap:     0.000000
Relative Gap:     0.000000
============= inst 199 end=============

