============= inst 2 =============
Route:
1  7  14 2  13 4  1  
1  15 6  18 1  
1  17 19 11 25 8  16 1  
1  22 20 26 21 12 10 1  
1  23 29 9  1  
1  27 3  5  28 24 30 1  

Point Location:
104 85  215 40  188 143 86  47  97  109 32  131 54  88  130 60  68  137 63  181 215 161 79  130 29  199 193 180 62  133 
97  11  73  41  44  96  26  133 106 154 155 142 14  21  74  119 145 93  180 159 212 119 75  29  136 172 96  26  63  39  

Total Distance:   1366.063252
Execution Time:   5.19  sec
Absolute Gap:     0.000000
Relative Gap:     0.000000
============= inst 2 end=============

