============= inst 20 =============
Route:
1  6  27 15 1  
1  7  4  20 16 28 10 1  
1  8  2  29 5  1  
1  11 9  24 30 23 14 1  
1  17 19 22 13 21 1  
1  18 25 12 3  26 1  

Point Location:
145 202 112 65  184 201 115 213 48  30  70  91  96  73  154 26  92  69  71  29  132 66  39  7   67  123 191 15  198 34  
114 176 201 36  183 92  43  128 135 52  117 216 110 154 94  14  69  176 80  24  115 84  163 118 177 180 47  33  181 142 

Total Distance:   1536.282197
Execution Time:   19.36  sec
Absolute Gap:     0.000000
Relative Gap:     0.000000
============= inst 20 end=============

