============= inst 200 =============
Route:
1  8  6  28 1  
1  12 20 26 1  
1  21 5  7  11 24 1  
1  22 18 9  10 27 17 1  
1  23 14 4  2  15 25 1  
1  29 13 3  19 16 30 1  

Point Location:
100 124 211 128 23  83  11  105 209 214 37  64  212 170 135 185 150 202 213 19  12  157 142 106 125 27  180 86  200 184 
132 27  57  11  39  193 32  189 190 196 9   175 45  13  41  123 169 172 81  157 77  137 104 53  98  142 183 157 45  129 

Total Distance:   1609.038835
Execution Time:   109.91  sec
Absolute Gap:     0.000000
Relative Gap:     0.000000
============= inst 200 end=============

