============= inst 201 =============
Route:
1  8  2  17 5  28 24 1  
1  10 25 11 4  13 1  
1  16 20 7  3  6  12 1  
1  21 19 30 18 14 22 1  
1  26 29 15 1  
1  27 9  23 1  

Point Location:
118 104 33  137 17  11  30  124 135 173 209 48  105 200 95  70  61  183 154 8   142 179 147 78  210 120 127 31  114 179 
120 34  141 208 23  99  172 41  153 99  180 124 174 63  119 144 45  48  39  216 60  85  108 71  157 106 139 51  90  43  

Total Distance:   1508.981015
Execution Time:   107.42  sec
Absolute Gap:     0.000000
Relative Gap:     0.000000
============= inst 201 end=============

