============= inst 202 =============
Route:
1  11 4  15 1  
1  12 29 7  1  
1  20 8  17 2  26 1  
1  21 16 9  10 18 30 1  
1  25 27 3  19 13 14 1  
1  28 22 6  23 24 5  1  

Point Location:
65  130 26  62  184 166 84  134 79  99  61  98  14  23  78  51  164 112 21  89  61  167 193 191 52  101 11  171 91  139 
87  213 154 102 101 58  42  143 9   9   94  75  80  58  93  17  208 14  120 118 25  56  88  97  171 187 207 32  46  30  

Total Distance:   1443.177128
Execution Time:   67.41  sec
Absolute Gap:     0.000000
Relative Gap:     0.000000
============= inst 202 end=============

