============= inst 203 =============
Route:
1  2  28 10 14 15 25 1  
1  5  18 30 9  17 1  
1  16 7  13 26 20 19 1  
1  21 29 8  1  
1  23 3  11 24 12 6  1  
1  27 4  22 1  

Point Location:
103 49  67  79  136 146 214 96  184 47  89  126 209 16  20  199 154 188 170 210 88  96  62  112 9   193 76  48  66  208 
142 66  72  100 196 75  86  171 146 8   25  59  62  30  111 106 120 205 20  24  177 114 89  32  145 62  117 14  211 204 

Total Distance:   1643.025081
Execution Time:   53.67  sec
Absolute Gap:     0.000000
Relative Gap:     0.000000
============= inst 203 end=============

