============= inst 204 =============
Route:
1  5  2  24 11 10 3  1  
1  19 9  13 1  
1  23 16 8  22 25 12 1  
1  27 15 7  4  26 1  
1  28 18 20 1  
1  30 6  17 29 14 21 1  

Point Location:
88  211 182 47  173 104 33  208 21  200 213 154 59  150 26  212 147 30  24  14  128 184 169 218 135 84  10  56  151 97  
117 122 131 179 107 201 190 42  119 151 151 47  107 137 203 42  190 65  128 33  116 24  85  149 12  145 196 102 190 166 

Total Distance:   1533.200864
Execution Time:   6.89  sec
Absolute Gap:     0.000000
Relative Gap:     0.000000
============= inst 204 end=============

