============= inst 205 =============
Route:
1  3  20 15 26 27 21 1  
1  6  25 10 4  16 5  1  
1  12 7  19 13 14 28 1  
1  22 11 17 1  
1  23 9  2  18 1  
1  29 8  30 24 1  

Point Location:
102 135 155 56  103 17  136 10  139 48  114 108 157 153 160 100 76  122 188 200 139 116 120 41  36  133 135 143 20  20  
135 93  100 23  93  30  218 156 105 32  166 211 190 193 43  67  187 105 218 66  82  163 122 128 22  24  48  197 149 135 

Total Distance:   1377.526322
Execution Time:   9.39  sec
Absolute Gap:     0.000000
Relative Gap:     0.000000
============= inst 205 end=============

