============= inst 206 =============
Route:
1  2  9  28 6  13 11 1  
1  10 18 16 23 1  
1  12 27 19 8  1  
1  15 3  7  5  24 17 1  
1  21 25 14 26 29 4  1  
1  22 30 20 1  

Point Location:
79  119 199 26  190 188 194 22  187 55  186 35  193 48  186 51  149 52  20  97  71  131 59  163 54  7   7   203 15  120 
116 41  154 148 173 117 175 129 47  89  129 111 125 188 153 16  198 60  124 137 180 123 12  184 210 183 92  113 145 154 

Total Distance:   1488.571510
Execution Time:   39.73  sec
Absolute Gap:     0.000000
Relative Gap:     0.000000
============= inst 206 end=============

