============= inst 207 =============
Route:
1  8  20 25 16 19 1  
1  9  26 28 2  10 13 1  
1  11 5  3  6  22 30 1  
1  17 7  12 27 14 1  
1  21 29 15 18 1  
1  23 4  24 1  

Point Location:
130 40  200 101 213 171 209 57  20  55  172 211 54  194 207 46  138 189 72  43  160 131 103 103 32  7   198 40  186 108 
149 33  74  201 79  50  128 121 87  25  95  142 33  151 183 188 134 177 160 155 205 47  198 202 160 86  155 45  206 55  

Total Distance:   1464.976361
Execution Time:   2.69  sec
Absolute Gap:     0.000000
Relative Gap:     0.000000
============= inst 207 end=============

