============= inst 208 =============
Route:
1  12 3  20 9  25 4  1  
1  14 21 17 8  19 13 1  
1  18 10 5  1  
1  24 7  23 30 11 1  
1  26 22 15 1  
1  29 2  16 28 6  27 1  

Point Location:
70  12  172 134 82  38  101 186 198 96  64  156 150 171 90  12  210 107 194 190 189 87  86  137 147 69  28  11  38  77  
92  162 100 14  26  182 203 181 31  43  175 87  196 140 59  180 123 49  190 54  134 59  198 142 37  56  173 191 124 197 

Total Distance:   1559.889379
Execution Time:   70.39  sec
Absolute Gap:     0.000000
Relative Gap:     0.000000
============= inst 208 end=============

