============= inst 209 =============
Route:
1  2  9  4  14 22 1  
1  5  3  26 10 15 1  
1  8  29 21 25 19 24 1  
1  13 12 18 1  
1  17 6  20 11 7  16 1  
1  27 23 30 28 1  

Point Location:
112 70  208 90  208 206 162 81  78  174 175 81  77  92  125 155 182 106 45  213 60  105 14  35  24  173 45  76  69  28  
98  50  206 17  150 30  99  183 27  173 92  143 136 10  131 96  14  146 172 44  202 76  66  155 206 182 103 92  216 66  

Total Distance:   1486.316576
Execution Time:   2.69  sec
Absolute Gap:     0.000000
Relative Gap:     0.000000
============= inst 209 end=============

