============= inst 21 =============
Route:
1  3  30 17 1  
1  11 24 10 25 27 16 1  
1  12 23 5  4  20 6  1  
1  15 7  13 1  
1  28 26 9  14 19 1  
1  29 8  18 22 21 2  1  

Point Location:
154 114 188 88  36  140 102 107 208 24  66  101 131 193 106 99  165 106 189 105 112 110 55  25  21  195 56  189 157 192 
143 36  90  214 205 197 109 9   139 55  118 160 135 131 98  58  97  9   136 210 27  14  194 59  8   179 36  193 27  81  

Total Distance:   1489.994750
Execution Time:   47.91  sec
Absolute Gap:     0.000000
Relative Gap:     0.000000
============= inst 21 end=============

