============= inst 210 =============
Route:
1  2  22 5  30 26 1  
1  8  21 19 25 3  1  
1  12 6  9  7  15 1  
1  14 18 24 29 20 17 1  
1  16 10 11 1  
1  28 4  13 27 23 1  

Point Location:
121 198 192 63  202 47  57  157 35  55  61  74  35  41  64  80  50  22  192 39  175 207 81  19  202 171 59  119 22  187 
124 44  182 14  10  158 202 166 182 82  72  149 18  76  194 94  113 82  216 105 207 28  74  90  184 40  56  41  127 39  

Total Distance:   1541.015785
Execution Time:   1.89  sec
Absolute Gap:     0.000000
Relative Gap:     0.000000
============= inst 210 end=============

