============= inst 211 =============
Route:
1  5  29 28 12 7  24 1  
1  6  8  30 1  
1  15 11 2  1  
1  17 9  21 4  14 20 1  
1  25 22 13 19 27 18 1  
1  26 3  10 23 16 1  

Point Location:
150 197 149 146 94  145 91  131 179 151 212 68  10  93  188 215 180 47  15  135 161 17  174 90  19  138 42  76  64  121 
129 98  187 35  130 149 184 141 51  199 92  195 128 10  121 187 54  142 158 77  17  104 190 171 79  165 139 161 149 109 

Total Distance:   1438.264290
Execution Time:   36.67  sec
Absolute Gap:     0.000000
Relative Gap:     0.000000
============= inst 211 end=============

