============= inst 212 =============
Route:
1  6  16 17 22 9  29 1  
1  7  21 26 30 14 1  
1  10 5  12 24 19 2  1  
1  15 18 11 20 13 3  1  
1  23 28 8  1  
1  25 4  27 1  

Point Location:
128 176 102 65  160 91  89  135 10  153 105 170 78  41  130 59  27  93  181 41  50  27  170 215 100 34  58  190 20  19  
62  101 150 62  154 124 16  42  131 114 218 214 169 56  163 148 138 188 123 198 10  131 66  164 52  17  66  35  103 54  

Total Distance:   1659.948162
Execution Time:   30.48  sec
Absolute Gap:     0.000000
Relative Gap:     0.000000
============= inst 212 end=============

