============= inst 213 =============
Route:
1  2  27 10 13 9  25 1  
1  6  12 5  30 26 1  
1  16 4  29 11 3  19 1  
1  17 14 8  1  
1  18 15 20 22 7  28 1  
1  21 24 23 1  

Point Location:
132 35  190 132 188 201 18  156 112 84  218 209 115 149 7   111 119 71  189 21  120 8   147 121 101 173 41  39  179 214 
71  146 178 180 67  22  137 35  178 214 197 45  202 35  16  149 34  53  146 75  113 120 104 116 128 88  188 82  189 96  

Total Distance:   1667.717062
Execution Time:   115.72  sec
Absolute Gap:     0.000000
Relative Gap:     0.000000
============= inst 213 end=============

