============= inst 214 =============
Route:
1  3  22 10 1  
1  4  17 28 8  23 16 1  
1  13 7  5  30 24 29 1  
1  15 21 25 1  
1  20 2  6  12 27 1  
1  26 11 19 18 14 9  1  

Point Location:
81  160 26  39  198 128 151 23  55  81  31  111 98  56  49  61  26  64  48  95  10  47  63  133 31  39  96  16  108 208 
77  200 52  139 10  173 8   168 196 29  199 170 33  210 79  135 129 216 216 104 86  13  159 60  93  182 127 129 71  68  

Total Distance:   1567.001468
Execution Time:   92.08  sec
Absolute Gap:     0.000000
Relative Gap:     0.000000
============= inst 214 end=============

