============= inst 215 =============
Route:
1  7  8  4  28 22 15 1  
1  13 21 6  1  
1  18 24 17 1  
1  19 14 27 2  5  3  1  
1  25 10 29 26 12 9  1  
1  30 23 11 20 16 1  

Point Location:
143 166 214 65  187 188 125 60  86  122 16  77  177 111 61  67  180 132 90  30  218 8   60  149 138 96  140 15  101 76  
69  188 202 176 198 27  90  150 39  20  29  27  90  215 127 66  148 138 201 50  17  156 40  149 21  13  185 166 27  51  

Total Distance:   1708.642662
Execution Time:   81.76  sec
Absolute Gap:     0.000000
Relative Gap:     0.000000
============= inst 215 end=============

