============= inst 216 =============
Route:
1  10 29 28 27 1  
1  12 21 15 1  
1  14 22 13 19 18 17 1  
1  24 3  5  8  25 1  
1  26 11 7  6  4  16 1  
1  30 2  9  23 20 1  

Point Location:
144 56  171 13  213 31  37  159 76  150 28  125 33  60  127 8   106 69  61  117 113 20  109 180 146 48  210 209 199 87  
95  180 143 159 183 148 125 210 196 33  103 71  33  74  85  188 45  28  10  176 61  83  178 127 172 110 100 78  18  153 

Total Distance:   1657.533168
Execution Time:   60.59  sec
Absolute Gap:     0.000000
Relative Gap:     0.000000
============= inst 216 end=============

