============= inst 217 =============
Route:
1  4  22 23 18 7  3  1  
1  14 26 5  25 20 1  
1  19 30 17 1  
1  21 6  16 24 2  13 1  
1  27 10 12 1  
1  28 29 11 15 9  8  1  

Point Location:
85  50  150 168 29  142 167 143 148 132 163 105 37  74  186 146 89  201 118 40  153 173 186 103 25  35  128 139 154 95  
158 72  36  52  162 89  11  144 141 159 176 151 65  145 169 68  180 23  199 218 95  63  62  79  174 141 165 198 218 214 

Total Distance:   1471.138843
Execution Time:   69.36  sec
Absolute Gap:     0.000000
Relative Gap:     0.000000
============= inst 217 end=============

