============= inst 218 =============
Route:
1  3  30 14 16 7  1  
1  9  15 12 2  10 8  1  
1  19 23 6  1  
1  26 11 24 25 4  1  
1  27 18 17 28 1  
1  29 21 5  13 20 22 1  

Point Location:
98  108 21  71  202 152 67  107 84  113 40  101 200 25  85  18  181 177 185 147 210 133 193 18  11  50  129 170 191 24  
72  204 120 18  195 40  175 187 145 192 37  191 189 165 148 204 90  101 53  175 191 160 34  27  26  48  100 74  143 164 

Total Distance:   1596.093735
Execution Time:   30.53  sec
Absolute Gap:     0.000000
Relative Gap:     0.000000
============= inst 218 end=============

