============= inst 219 =============
Route:
1  16 9  6  1  
1  18 20 11 25 27 1  
1  22 3  21 1  
1  23 8  14 10 4  7  1  
1  24 26 28 17 15 30 1  
1  29 19 2  13 12 5  1  

Point Location:
77  180 60  137 188 44  113 157 55  178 129 214 195 168 194 76  160 105 163 125 94  19  113 116 116 114 96  145 159 148 
111 27  178 90  85  73  93  116 66  107 13  36  32  115 206 82  206 71  54  30  135 124 135 175 11  216 25  197 57  178 

Total Distance:   1486.782105
Execution Time:   63.36  sec
Absolute Gap:     0.000000
Relative Gap:     0.000000
============= inst 219 end=============

