============= inst 22 =============
Route:
1  9  26 18 7  5  1  
1  15 10 28 6  3  1  
1  16 4  2  1  
1  19 20 23 29 24 11 1  
1  22 8  25 12 17 21 1  
1  27 14 30 13 1  

Point Location:
68  21  25  21  93  33  100 197 81  32  127 192 80  15  37  23  163 103 148 155 128 140 193 147 192 106 36  21  158 72  
149 145 119 158 114 110 112 205 89  31  57  152 184 212 52  168 130 92  115 112 145 164 71  25  182 89  171 45  30  198 

Total Distance:   1444.249250
Execution Time:   8.42  sec
Absolute Gap:     0.000000
Relative Gap:     0.000000
============= inst 22 end=============

