============= inst 220 =============
Route:
1  2  3  6  15 21 29 1  
1  4  14 27 25 1  
1  18 13 12 1  
1  23 10 16 26 8  19 1  
1  28 9  20 24 11 5  1  
1  30 22 7  17 1  

Point Location:
114 190 195 45  55  203 49  149 106 185 12  102 95  16  203 211 57  85  146 71  204 46  158 29  73  174 37  73  169 70  
147 161 157 142 80  165 172 150 46  71  73  218 173 155 183 84  182 169 144 13  218 171 76  16  104 128 118 61  178 167 

Total Distance:   1509.830972
Execution Time:   8.73  sec
Absolute Gap:     0.000000
Relative Gap:     0.000000
============= inst 220 end=============

