============= inst 221 =============
Route:
1  11 13 12 28 27 1  
1  17 19 5  8  16 1  
1  22 20 26 18 1  
1  23 6  2  1  
1  25 7  29 15 3  9  1  
1  30 4  10 24 21 14 1  

Point Location:
157 181 77  110 214 207 39  217 139 24  101 71  102 64  57  209 185 194 203 209 20  199 191 9   58  204 104 101 22  113 
87  81  8   170 212 84  99  191 26  210 118 76  111 157 47  126 137 39  208 51  192 56  104 198 131 15  65  60  52  150 

Total Distance:   1609.034610
Execution Time:   20.09  sec
Absolute Gap:     0.000000
Relative Gap:     0.000000
============= inst 221 end=============

