============= inst 222 =============
Route:
1  11 10 21 9  4  19 1  
1  12 5  7  1  
1  16 2  8  24 1  
1  17 6  25 29 27 13 1  
1  23 30 20 15 3  18 1  
1  28 26 14 22 1  

Point Location:
87  73  40  149 119 178 116 46  172 198 126 134 138 144 34  60  153 87  125 48  173 138 55  25  215 144 160 137 213 60  
66  123 209 60  121 130 109 109 68  45  56  110 147 15  208 101 98  165 58  164 67  20  136 87  180 17  194 24  184 154 

Total Distance:   1441.117903
Execution Time:   9.88  sec
Absolute Gap:     0.000000
Relative Gap:     0.000000
============= inst 222 end=============

