============= inst 223 =============
Route:
1  2  24 4  1  
1  6  22 26 21 15 20 1  
1  8  19 9  27 17 5  1  
1  10 30 29 1  
1  12 13 14 11 23 18 1  
1  16 3  7  25 28 1  

Point Location:
134 115 59  156 122 193 35  191 214 85  48  109 99  40  202 96  146 95  205 158 208 201 45  148 27  215 164 52  137 78  
141 116 173 113 41  114 181 97  40  150 65  86  91  35  211 210 9   114 48  187 187 128 74  88  169 151 33  138 152 168 

Total Distance:   1503.407405
Execution Time:   6.89  sec
Absolute Gap:     0.000000
Relative Gap:     0.000000
============= inst 223 end=============

