============= inst 224 =============
Route:
1  4  14 10 1  
1  7  30 3  20 13 11 1  
1  8  12 18 23 9  21 1  
1  15 5  28 24 19 25 1  
1  16 2  22 1  
1  26 27 6  17 29 1  

Point Location:
55  54  10  131 162 190 23  98  177 115 92  105 85  126 124 45  149 143 180 63  176 73  158 200 156 25  114 171 113 19  
148 93  7   149 104 210 88  62  51  141 82  35  52  135 101 108 195 9   129 21  68  110 44  112 138 162 216 92  194 47  

Total Distance:   1722.419540
Execution Time:   102.88  sec
Absolute Gap:     0.000000
Relative Gap:     0.000000
============= inst 224 end=============

