============= inst 225 =============
Route:
1  2  4  16 1  
1  3  14 9  28 19 18 1  
1  10 15 17 1  
1  12 6  22 25 24 29 1  
1  23 30 8  21 13 1  
1  27 20 11 5  7  26 1  

Point Location:
106 110 148 88  38  180 30  179 180 63  27  125 183 150 61  64  65  160 165 81  209 208 134 158 197 31  99  186 140 180 
159 214 22  211 80  133 109 183 22  105 51  155 162 24  91  202 99  57  55  64  178 101 199 101 94  132 101 22  102 199 

Total Distance:   1496.010689
Execution Time:   21.70  sec
Absolute Gap:     0.000000
Relative Gap:     0.000000
============= inst 225 end=============

