============= inst 226 =============
Route:
1  12 23 2  27 18 4  1  
1  16 6  15 1  
1  20 11 22 14 13 19 1  
1  21 3  8  25 24 1  
1  28 17 10 1  
1  29 5  9  7  30 26 1  

Point Location:
109 30  203 54  25  114 70  171 8   60  148 48  217 167 76  121 108 52  175 142 169 163 33  152 165 82  47  128 62  90  
64  75  7   73  147 114 193 23  211 35  133 87  91  174 121 103 10  74  64  92  55  151 84  47  32  145 73  21  144 186 

Total Distance:   1494.922445
Execution Time:   5.22  sec
Absolute Gap:     0.000000
Relative Gap:     0.000000
============= inst 226 end=============

