============= inst 227 =============
Route:
1  8  4  2  30 1  
1  11 15 29 24 17 25 1  
1  19 13 26 1  
1  22 5  9  7  3  18 1  
1  27 23 12 20 6  16 1  
1  28 21 14 10 1  

Point Location:
148 213 50  201 31  54  39  159 27  125 118 53  148 102 110 106 171 83  158 40  112 48  45  150 197 134 62  130 108 191 
133 135 193 177 150 46  204 146 154 177 87  59  76  214 58  90  12  171 101 31  218 150 100 39  73  120 98  195 39  114 

Total Distance:   1475.281568
Execution Time:   18.72  sec
Absolute Gap:     0.000000
Relative Gap:     0.000000
============= inst 227 end=============

