============= inst 228 =============
Route:
1  3  28 12 21 2  27 1  
1  7  15 22 1  
1  14 5  6  8  19 1  
1  17 24 16 13 9  1  
1  29 26 4  10 23 1  
1  30 18 20 11 25 1  

Point Location:
125 102 21  47  210 207 137 179 126 121 8   68  145 191 158 162 166 20  172 10  81  148 130 175 23  23  112 44  25  51  
114 25  23  206 124 215 159 158 69  207 93  28  15  90  133 9   70  80  152 78  33  120 198 66  118 175 71  10  164 67  

Total Distance:   1636.218800
Execution Time:   11.45  sec
Absolute Gap:     0.000000
Relative Gap:     0.000000
============= inst 228 end=============

