============= inst 229 =============
Route:
1  6  26 5  1  
1  7  4  12 22 30 21 1  
1  9  17 24 1  
1  10 20 2  25 23 1  
1  16 11 3  29 18 27 1  
1  28 8  15 14 13 19 1  

Point Location:
107 8   203 36  67  121 78  179 117 46  193 18  120 140 193 166 86  186 111 34  104 31  67  92  21  89  169 205 206 72  
143 201 144 45  187 214 75  60  127 162 140 12  69  32  37  162 104 120 68  185 40  11  134 144 110 217 115 88  122 22  

Total Distance:   1570.276143
Execution Time:   21.81  sec
Absolute Gap:     0.000000
Relative Gap:     0.000000
============= inst 229 end=============

