============= inst 23 =============
Route:
1  3  8  15 1  
1  6  23 11 2  26 5  1  
1  7  13 17 22 9  14 1  
1  18 10 24 19 28 25 1  
1  20 21 12 1  
1  27 30 4  16 29 1  

Point Location:
122 218 190 14  192 218 115 192 21  216 202 126 98  78  159 9   86  202 122 107 112 72  208 215 115 217 103 97  52  47  
115 161 119 182 183 124 52  131 37  18  151 136 53  93  140 124 34  42  7   95  110 40  148 10  32  208 213 13  111 189 

Total Distance:   1617.233777
Execution Time:   24.89  sec
Absolute Gap:     0.000000
Relative Gap:     0.000000
============= inst 23 end=============

