============= inst 230 =============
Route:
1  7  17 9  11 1  
1  16 28 3  15 1  
1  18 13 6  1  
1  19 5  30 10 8  27 1  
1  25 23 22 20 12 14 1  
1  26 2  24 21 4  29 1  

Point Location:
97  157 19  155 185 86  119 165 91  169 106 194 65  158 35  79  117 77  154 189 200 191 170 165 156 133 150 70  121 203 
129 170 156 211 13  119 63  47  43  45  69  87  141 87  105 167 61  151 15  103 175 126 135 166 149 162 83  196 213 9   

Total Distance:   1435.750865
Execution Time:   16.27  sec
Absolute Gap:     0.000000
Relative Gap:     0.000000
============= inst 230 end=============

