============= inst 231 =============
Route:
1  5  22 23 1  
1  7  16 12 25 15 20 1  
1  13 2  4  17 9  1  
1  14 21 8  18 3  11 1  
1  26 19 28 1  
1  30 10 27 6  24 29 1  

Point Location:
99  129 178 138 83  19  165 218 130 50  169 217 75  164 166 162 149 216 100 156 191 20  46  8   190 125 25  96  17  49  
104 37  176 30  88  185 98  217 84  170 148 36  27  213 38  82  43  170 166 49  194 100 100 151 30  124 212 134 145 148 

Total Distance:   1553.745426
Execution Time:   41.99  sec
Absolute Gap:     0.000000
Relative Gap:     0.000000
============= inst 231 end=============

