============= inst 232 =============
Route:
1  9  20 22 4  12 3  1  
1  13 5  28 23 1  
1  24 7  17 18 10 1  
1  25 14 2  21 6  1  
1  26 29 8  30 16 19 1  
1  27 15 11 1  

Point Location:
132 133 43  24  182 39  20  172 105 105 199 40  175 149 201 126 49  61  138 86  83  13  169 57  148 165 161 179 163 143 
132 218 95  23  164 218 123 27  39  141 122 67  146 217 115 50  141 151 103 24  216 15  164 131 209 91  115 175 90  41  

Total Distance:   1481.513494
Execution Time:   10.30  sec
Absolute Gap:     0.000000
Relative Gap:     0.000000
============= inst 232 end=============

