============= inst 233 =============
Route:
1  2  10 19 12 9  28 1  
1  5  27 7  1  
1  13 16 17 1  
1  14 25 4  3  6  8  1  
1  15 26 18 22 11 1  
1  23 21 29 24 20 30 1  

Point Location:
139 115 186 176 112 190 112 210 22  87  132 52  150 148 167 172 137 178 68  62  19  160 101 33  157 215 100 43  8   65  
101 15  19  16  145 13  189 48  55  26  201 41  81  24  133 88  106 216 41  207 104 206 77  195 13  157 188 68  138 214 

Total Distance:   1585.874725
Execution Time:   14.06  sec
Absolute Gap:     0.000000
Relative Gap:     0.000000
============= inst 233 end=============

