============= inst 234 =============
Route:
1  10 30 15 6  28 2  1  
1  14 25 23 1  
1  16 11 20 4  5  21 1  
1  17 13 29 18 12 1  
1  24 3  22 1  
1  27 7  8  9  19 26 1  

Point Location:
114 179 153 14  30  216 62  22  10  112 52  177 127 76  116 94  122 212 22  17  65  137 91  156 89  33  82  184 159 127 
66  131 89  43  12  200 186 191 166 136 49  61  9   78  165 66  7   13  153 64  27  87  141 79  140 145 201 159 30  152 

Total Distance:   1590.749227
Execution Time:   7.45  sec
Absolute Gap:     0.000000
Relative Gap:     0.000000
============= inst 234 end=============

