============= inst 235 =============
Route:
1  8  2  20 22 17 1  
1  10 19 4  1  
1  12 28 5  21 15 13 1  
1  18 11 6  30 24 23 1  
1  25 27 14 1  
1  29 9  16 7  3  26 1  

Point Location:
83  180 29  29  167 191 23  127 80  43  182 132 179 79  198 31  132 143 19  179 210 167 111 132 86  38  68  142 102 190 
107 135 89  154 68  213 24  97  24  187 194 54  108 142 93  26  155 173 152 155 77  149 181 194 172 105 174 65  21  215 

Total Distance:   1528.662436
Execution Time:   26.92  sec
Absolute Gap:     0.000000
Relative Gap:     0.000000
============= inst 235 end=============

