============= inst 236 =============
Route:
1  2  24 23 14 15 4  1  
1  7  9  28 13 17 1  
1  19 3  8  1  
1  20 30 25 12 6  22 1  
1  26 18 5  16 29 10 1  
1  27 21 11 1  

Point Location:
105 38  86  92  125 175 63  83  32  116 175 198 36  55  72  113 53  86  87  163 178 166 49  18  212 9   115 37  120 196 
103 42  86  63  216 197 140 72  125 171 24  161 102 37  25  197 103 195 92  123 25  171 34  31  126 212 96  112 173 130 

Total Distance:   1435.950248
Execution Time:   10.01  sec
Absolute Gap:     0.000000
Relative Gap:     0.000000
============= inst 236 end=============

