============= inst 237 =============
Route:
1  5  21 8  1  
1  10 28 30 2  12 20 1  
1  19 22 25 1  
1  23 3  13 11 29 14 1  
1  24 18 16 7  15 1  
1  27 9  4  6  17 26 1  

Point Location:
98  209 197 202 125 205 7   98  135 174 213 186 218 144 40  12  207 29  125 169 121 107 157 65  106 190 131 216 206 207 
73  9   127 192 42  190 147 30  213 50  122 11  129 99  47  204 178 148 70  19  21  149 122 109 126 178 175 30  113 21  

Total Distance:   1645.919622
Execution Time:   63.48  sec
Absolute Gap:     0.000000
Relative Gap:     0.000000
============= inst 237 end=============

