============= inst 238 =============
Route:
1  4  6  25 30 1  
1  5  10 2  14 1  
1  16 28 21 13 9  19 1  
1  18 22 11 17 3  7  1  
1  23 8  20 29 12 15 1  
1  24 27 26 1  

Point Location:
155 193 195 142 190 91  172 66  33  189 216 145 17  182 201 25  203 195 58  91  29  209 44  114 96  141 122 34  111 113 
83  134 25  52  97  55  36  159 67  127 28  207 84  141 211 120 13  77  24  174 92  34  157 147 66  111 164 106 195 83  

Total Distance:   1512.233291
Execution Time:   87.03  sec
Absolute Gap:     0.000000
Relative Gap:     0.000000
============= inst 238 end=============

