============= inst 239 =============
Route:
1  2  20 16 7  8  1  
1  6  14 29 1  
1  12 22 26 11 13 17 1  
1  15 27 30 10 19 3  1  
1  18 28 9  1  
1  24 21 4  25 5  23 1  

Point Location:
66  84  133 183 159 35  54  52  61  195 162 115 105 13  97  62  84  42  162 73  146 147 118 127 171 205 211 9   14  209 
86  130 129 94  119 85  184 129 32  159 25  63  28  91  144 207 59  72  136 155 67  46  119 66  102 15  205 32  118 172 

Total Distance:   1571.365645
Execution Time:   51.25  sec
Absolute Gap:     0.000000
Relative Gap:     0.000000
============= inst 239 end=============

