============= inst 24 =============
Route:
1  7  3  29 11 20 16 1  
1  12 30 9  1  
1  13 19 18 14 23 1  
1  17 2  15 27 8  24 1  
1  25 4  26 10 6  22 1  
1  28 21 5  1  

Point Location:
142 102 34  102 145 182 72  92  194 155 58  168 68  65  8   86  99  71  68  58  205 189 91  108 126 110 64  216 45  189 
77  13  165 143 42  208 122 60  129 201 196 109 100 73  18  166 34  82  90  194 11  185 68  60  110 161 49  52  213 132 

Total Distance:   1569.445850
Execution Time:   11.88  sec
Absolute Gap:     0.000000
Relative Gap:     0.000000
============= inst 24 end=============

