============= inst 240 =============
Route:
1  4  21 2  28 1  
1  5  15 3  13 30 26 1  
1  14 19 16 7  1  
1  20 24 12 27 11 18 1  
1  22 9  17 8  23 10 1  
1  29 6  25 1  

Point Location:
64  103 182 107 143 133 35  59  76  18  159 174 214 28  155 35  73  94  12  138 113 80  8   152 81  215 180 99  128 212 
121 205 201 168 214 95  46  195 213 188 17  49  183 75  195 34  209 55  18  132 198 182 203 94  126 147 40  189 93  177 

Total Distance:   1614.781626
Execution Time:   3.69  sec
Absolute Gap:     0.000000
Relative Gap:     0.000000
============= inst 240 end=============

