============= inst 241 =============
Route:
1  4  11 22 1  
1  5  6  29 20 13 1  
1  17 30 19 1  
1  23 3  25 14 28 15 1  
1  26 18 21 8  2  16 1  
1  27 10 24 12 7  9  1  

Point Location:
136 216 189 181 92  21  45  217 99  40  195 41  7   190 213 159 159 123 134 29  152 182 174 28  201 83  75  209 26  166 
140 25  214 150 182 211 86  13  112 45  137 87  141 186 166 86  152 18  177 160 14  113 203 59  202 39  55  184 172 155 

Total Distance:   1558.474085
Execution Time:   46.80  sec
Absolute Gap:     0.000000
Relative Gap:     0.000000
============= inst 241 end=============

