============= inst 242 =============
Route:
1  4  17 2  29 1  
1  5  8  16 28 15 6  1  
1  13 11 18 1  
1  24 23 9  25 12 30 1  
1  26 14 21 3  10 20 1  
1  27 19 22 7  1  

Point Location:
76  34  41  49  119 193 131 186 152 23  67  132 43  51  195 193 46  70  81  44  45  172 150 121 138 62  73  187 19  78  
91  34  167 21  207 145 28  206 127 140 64  163 86  170 164 207 27  74  7   112 212 12  112 95  182 159 15  169 45  133 

Total Distance:   1534.427981
Execution Time:   34.73  sec
Absolute Gap:     0.000000
Relative Gap:     0.000000
============= inst 242 end=============

