============= inst 243 =============
Route:
1  6  21 4  12 15 1  
1  8  7  3  28 13 14 1  
1  9  23 17 1  
1  11 18 29 1  
1  24 5  16 2  20 30 1  
1  25 10 26 19 22 27 1  

Point Location:
121 63  138 185 49  173 110 114 125 74  94  198 190 202 126 46  150 82  45  94  176 60  147 44  98  27  70  159 88  99  
116 43  24  145 99  143 8   34  98  217 87  184 17  45  156 70  96  120 170 57  139 159 53  110 194 218 173 41  139 76  

Total Distance:   1434.899385
Execution Time:   55.80  sec
Absolute Gap:     0.000000
Relative Gap:     0.000000
============= inst 243 end=============

