============= inst 244 =============
Route:
1  8  15 5  12 1  
1  19 2  16 29 13 10 1  
1  20 22 27 7  1  
1  21 9  4  28 24 18 1  
1  25 30 6  11 3  23 1  
1  26 14 17 1  

Point Location:
94  165 189 20  135 134 94  86  58  114 214 104 213 16  124 192 70  20  132 47  69  56  140 15  102 52  89  14  207 104 
86  29  168 213 26  174 116 7   207 102 215 56  84  62  9   21  87  125 57  132 196 145 113 143 167 76  123 168 39  201 

Total Distance:   1617.462417
Execution Time:   12.06  sec
Absolute Gap:     0.000000
Relative Gap:     0.000000
============= inst 244 end=============

