============= inst 245 =============
Route:
1  7  25 9  5  27 2  1  
1  10 16 24 1  
1  14 21 30 6  26 1  
1  17 13 8  1  
1  18 4  15 29 20 23 1  
1  19 11 12 22 3  28 1  

Point Location:
89  63  22  165 45  139 37  85  38  82  109 127 127 176 180 114 113 156 120 199 208 133 161 97  8   119 52  45  209 164 
106 29  218 147 59  21  114 124 73  83  165 176 134 69  150 91  122 143 153 146 51  209 108 104 109 38  31  151 188 37  

Total Distance:   1459.904234
Execution Time:   22.14  sec
Absolute Gap:     0.000000
Relative Gap:     0.000000
============= inst 245 end=============

