============= inst 246 =============
Route:
1  2  10 24 12 1  
1  3  6  19 20 26 28 1  
1  5  23 17 7  4  27 1  
1  9  13 18 1  
1  22 14 16 11 21 1  
1  25 29 15 8  30 1  

Point Location:
89  172 73  189 201 64  188 21  141 193 31  202 135 16  14  33  190 118 46  24  65  28  195 190 68  32  162 58  21  82  
112 96  160 202 153 175 184 16  188 92  126 9   173 109 77  118 175 148 179 206 135 100 163 60  91  173 158 148 84  45  

Total Distance:   1532.502699
Execution Time:   13.44  sec
Absolute Gap:     0.000000
Relative Gap:     0.000000
============= inst 246 end=============

