============= inst 247 =============
Route:
1  14 10 12 16 5  28 1  
1  18 20 29 24 13 1  
1  19 7  17 3  8  11 1  
1  22 27 6  1  
1  23 4  15 2  9  21 1  
1  26 30 25 1  

Point Location:
124 199 15  185 73  117 48  9   207 120 28  102 165 119 203 90  40  186 41  188 185 109 171 186 91  125 116 68  202 92  
93  109 199 155 185 47  190 137 100 145 32  157 28  127 163 201 193 85  157 87  101 56  130 10  93  88  37  163 75  88  

Total Distance:   1416.800669
Execution Time:   9.78  sec
Absolute Gap:     0.000000
Relative Gap:     0.000000
============= inst 247 end=============

