============= inst 248 =============
Route:
1  2  16 19 25 5  17 1  
1  6  9  13 1  
1  14 7  23 30 29 1  
1  15 3  28 8  11 12 1  
1  20 24 10 4  18 27 1  
1  21 26 22 1  

Point Location:
115 148 174 21  58  149 190 218 136 11  198 173 114 166 136 96  59  50  75  82  93  116 199 31  45  106 73  204 193 216 
98  180 137 56  174 48  34  127 34  53  106 110 48  32  150 216 146 54  182 86  154 143 12  70  198 146 71  130 85  42  

Total Distance:   1422.557175
Execution Time:   5.52  sec
Absolute Gap:     0.000000
Relative Gap:     0.000000
============= inst 248 end=============

