============= inst 249 =============
Route:
1  4  11 26 13 10 24 1  
1  6  22 2  30 1  
1  7  23 5  21 1  
1  12 15 27 28 18 20 1  
1  19 25 17 1  
1  29 9  3  14 16 8  1  

Point Location:
130 215 15  138 66  198 100 58  16  32  112 155 75  9   144 47  117 203 106 190 96  195 85  35  98  89  215 214 72  204 
138 205 176 84  93  159 141 128 179 38  63  86  28  163 76  133 196 68  164 108 94  182 118 107 189 34  33  35  145 214 

Total Distance:   1490.817159
Execution Time:   94.22  sec
Absolute Gap:     0.000000
Relative Gap:     0.000000
============= inst 249 end=============

