============= inst 25 =============
Route:
1  4  30 13 5  27 19 1  
1  9  17 18 1  
1  10 23 2  29 3  1  
1  21 28 14 1  
1  22 11 8  26 12 20 1  
1  24 15 7  16 6  25 1  

Point Location:
135 212 196 47  7   157 190 32  15  133 71  116 8   153 207 192 31  82  58  125 136 70  176 175 172 81  18  157 217 41  
115 200 109 187 178 46  59  18  136 171 31  12  216 113 77  43  139 128 166 39  82  37  187 78  65  8   177 112 121 191 

Total Distance:   1574.763496
Execution Time:   38.59  sec
Absolute Gap:     0.000000
Relative Gap:     0.000000
============= inst 25 end=============

