============= inst 250 =============
Route:
1  5  17 28 15 9  1  
1  10 26 19 1  
1  14 29 2  12 30 1  
1  18 4  21 6  16 1  
1  24 8  25 3  22 1  
1  27 11 23 7  13 20 1  

Point Location:
126 95  8   196 213 217 202 45  131 112 190 85  198 137 170 162 213 174 104 169 213 61  201 77  45  99  168 201 113 86  
133 47  108 130 188 149 48  204 170 145 86  76  13  99  181 145 217 134 116 22  147 93  62  168 193 123 102 205 24  85  

Total Distance:   1432.197591
Execution Time:   45.36  sec
Absolute Gap:     0.000000
Relative Gap:     0.000000
============= inst 250 end=============

