============= inst 251 =============
Route:
1  4  6  18 29 2  24 1  
1  7  8  9  27 21 15 1  
1  11 25 3  28 26 1  
1  13 16 23 30 12 1  
1  17 22 10 19 1  
1  20 5  14 1  

Point Location:
142 16  14  115 126 66  150 139 157 137 102 161 215 120 172 217 141 64  134 141 200 137 207 61  49  101 192 80  29  169 
149 46  197 116 189 70  71  53  36  210 151 177 120 181 62  154 187 25  211 155 23  206 211 89  129 180 23  190 45  183 

Total Distance:   1476.565982
Execution Time:   25.03  sec
Absolute Gap:     0.000000
Relative Gap:     0.000000
============= inst 251 end=============

