============= inst 252 =============
Route:
1  3  11 27 28 14 1  
1  6  8  23 16 2  20 1  
1  17 15 26 21 30 1  
1  19 5  7  13 1  
1  22 9  18 25 12 24 1  
1  29 4  10 1  

Point Location:
114 185 117 84  202 155 217 212 26  85  119 24  156 80  30  206 50  9   191 150 43  44  196 24  22  11  128 75  118 92  
140 140 79  209 77  149 12  189 78  202 59  23  67  71  138 130 153 37  80  139 189 106 153 26  19  181 26  50  175 151 

Total Distance:   1630.671510
Execution Time:   6.31  sec
Absolute Gap:     0.000000
Relative Gap:     0.000000
============= inst 252 end=============

