============= inst 253 =============
Route:
1  7  3  8  17 1  
1  9  16 24 1  
1  12 6  22 11 20 25 1  
1  13 14 2  5  30 27 1  
1  15 23 28 4  10 1  
1  26 29 21 18 19 1  

Point Location:
101 216 166 86  186 113 123 164 64  88  166 111 148 198 77  69  138 45  51  177 30  150 48  85  121 60  159 75  14  179 
120 70  71  16  32  175 113 55  183 31  218 167 116 108 64  211 74  103 120 173 94  199 32  191 145 98  36  10  84  10  

Total Distance:   1458.428291
Execution Time:   5.49  sec
Absolute Gap:     0.000000
Relative Gap:     0.000000
============= inst 253 end=============

