============= inst 254 =============
Route:
1  2  7  17 12 9  5  1  
1  13 8  22 1  
1  15 23 14 11 16 26 1  
1  20 10 27 6  18 25 1  
1  28 21 29 1  
1  30 19 4  3  24 1  

Point Location:
106 34  186 209 48  163 18  116 32  143 41  20  125 37  85  49  7   178 198 100 84  84  68  184 213 52  148 100 94  186 
113 55  157 98  95  204 38  11  96  207 161 73  39  216 187 149 64  198 63  187 95  25  205 181 204 142 216 140 97  65  

Total Distance:   1548.999176
Execution Time:   29.48  sec
Absolute Gap:     0.000000
Relative Gap:     0.000000
============= inst 254 end=============

