============= inst 255 =============
Route:
1  2  10 11 27 1  
1  3  24 28 9  7  19 1  
1  4  5  15 1  
1  16 17 20 14 21 30 1  
1  18 8  12 6  26 22 1  
1  25 29 23 13 1  

Point Location:
122 204 209 42  45  207 140 182 144 216 179 200 125 73  101 63  37  169 136 53  106 175 131 200 166 178 161 186 137 137 
101 126 188 102 78  25  196 9   196 118 103 9   63  176 50  143 154 27  163 213 167 50  44  200 64  47  99  200 47  157 

Total Distance:   1458.530414
Execution Time:   55.70  sec
Absolute Gap:     0.000000
Relative Gap:     0.000000
============= inst 255 end=============

