============= inst 256 =============
Route:
1  5  28 2  30 1  
1  11 7  15 14 29 18 1  
1  16 23 22 3  8  1  
1  17 13 27 1  
1  19 24 10 4  6  1  
1  25 21 26 20 12 9  1  

Point Location:
87  64  69  210 52  168 148 86  151 213 148 154 59  191 171 36  60  125 115 213 172 58  25  177 156 203 92  61  163 92  
119 40  212 126 34  121 57  189 202 131 79  217 151 44  56  163 124 15  125 213 157 211 197 129 158 185 152 41  36  80  

Total Distance:   1490.657561
Execution Time:   4.95  sec
Absolute Gap:     0.000000
Relative Gap:     0.000000
============= inst 256 end=============

