============= inst 257 =============
Route:
1  5  4  30 1  
1  10 24 18 1  
1  12 14 26 8  28 15 1  
1  16 3  19 29 17 11 1  
1  22 2  23 20 9  1  
1  25 27 21 7  13 6  1  

Point Location:
114 56  198 123 142 128 119 201 10  50  130 164 118 210 216 176 161 40  186 17  143 100 9   38  138 204 142 202 164 87  
93  203 83  10  25  156 197 182 109 65  105 156 168 217 159 103 115 82  109 157 180 163 207 81  148 195 153 168 124 21  

Total Distance:   1548.596102
Execution Time:   33.39  sec
Absolute Gap:     0.000000
Relative Gap:     0.000000
============= inst 257 end=============

