============= inst 258 =============
Route:
1  5  8  21 2  26 1  
1  12 27 10 1  
1  13 7  24 18 1  
1  22 11 14 20 3  30 1  
1  25 29 19 15 23 1  
1  28 16 6  4  9  17 1  

Point Location:
116 49  128 208 32  212 189 18  178 65  10  82  141 83  115 218 159 192 97  105 35  26  109 204 101 72  58  206 79  191 
64  78  204 118 133 126 33  127 107 64  215 52  59  208 164 115 103 72  158 199 101 171 127 29  92  78  61  105 129 188 

Total Distance:   1579.474823
Execution Time:   105.48  sec
Absolute Gap:     0.000000
Relative Gap:     0.000000
============= inst 258 end=============

