============= inst 259 =============
Route:
1  4  10 16 26 21 27 1  
1  7  30 6  24 11 25 1  
1  9  8  29 2  23 1  
1  13 20 22 1  
1  17 15 5  12 14 28 1  
1  18 3  19 1  

Point Location:
85  162 56  172 150 41  60  213 170 186 13  150 98  145 150 207 114 100 27  101 180 94  134 25  31  217 145 141 190 65  
117 22  18  190 195 215 197 34  39  179 148 174 135 169 206 147 163 60  27  171 156 155 55  201 106 126 142 152 22  214 

Total Distance:   1585.178882
Execution Time:   70.70  sec
Absolute Gap:     0.000000
Relative Gap:     0.000000
============= inst 259 end=============

