============= inst 26 =============
Route:
1  2  24 28 15 23 20 1  
1  4  17 29 14 27 1  
1  9  5  26 8  25 1  
1  10 11 13 3  21 12 1  
1  18 16 22 6  1  
1  19 30 7  1  

Point Location:
160 148 44  123 210 133 178 215 194 52  14  102 9   107 208 59  88  98  183 181 103 87  203 164 163 207 115 174 102 187 
89  163 214 117 98  50  75  30  86  76  79  180 119 117 171 32  139 80  77  128 190 49  149 198 49  70  112 195 113 65  

Total Distance:   1460.635453
Execution Time:   43.72  sec
Absolute Gap:     0.000000
Relative Gap:     0.000000
============= inst 26 end=============

