============= inst 260 =============
Route:
1  8  23 5  1  
1  17 15 14 11 10 19 1  
1  20 12 7  29 4  13 1  
1  21 30 18 16 22 1  
1  24 26 3  1  
1  27 6  2  28 9  25 1  

Point Location:
66  20  104 180 44  12  206 89  35  181 188 169 195 154 145 99  112 107 130 159 118 71  92  78  63  100 28  37  189 126 
140 28  109 188 202 76  208 162 26  84  97  215 172 124 141 26  149 13  125 217 63  76  218 147 53  127 81  16  198 59  

Total Distance:   1542.376888
Execution Time:   95.59  sec
Absolute Gap:     0.000000
Relative Gap:     0.000000
============= inst 260 end=============

