============= inst 261 =============
Route:
1  3  18 9  1  
1  7  13 15 30 29 1  
1  12 17 24 11 14 20 1  
1  16 23 28 1  
1  19 10 27 5  22 21 1  
1  26 2  6  25 4  8  1  

Point Location:
87  36  60  14  205 14  87  44  14  192 212 130 85  200 142 106 195 45  176 200 174 179 136 197 12  56  207 142 115 138 
57  136 30  112 10  182 111 115 54  45  202 207 124 139 139 68  198 11  42  122 29  15  75  202 156 142 25  55  75  93  

Total Distance:   1618.751448
Execution Time:   89.80  sec
Absolute Gap:     0.000000
Relative Gap:     0.000000
============= inst 261 end=============

