============= inst 262 =============
Route:
1  3  5  26 1  
1  13 29 22 10 7  14 1  
1  16 12 6  9  8  18 1  
1  20 28 4  23 15 1  
1  27 25 24 1  
1  30 17 21 2  11 19 1  

Point Location:
156 158 183 29  164 163 9   130 154 8   117 184 19  87  117 182 203 121 106 115 206 21  41  171 159 158 152 83  14  197 
55  201 79  7   84  130 100 128 122 140 195 121 213 90  76  113 170 131 153 35  215 184 14  22  24  74  41  18  215 154 

Total Distance:   1588.126501
Execution Time:   53.31  sec
Absolute Gap:     0.000000
Relative Gap:     0.000000
============= inst 262 end=============

