============= inst 263 =============
Route:
1  7  18 19 22 6  1  
1  9  2  13 8  5  25 1  
1  15 3  12 4  1  
1  20 24 11 23 26 21 1  
1  27 14 10 17 16 1  
1  29 28 30 1  

Point Location:
142 71  188 205 21  161 177 23  106 152 24  207 32  156 178 117 125 202 211 18  69  215 68  23  83  76  140 94  129 108 
156 202 71  120 150 179 157 171 189 65  45  81  203 87  115 94  68  160 162 106 83  185 41  86  137 47  104 164 177 152 

Total Distance:   1437.638547
Execution Time:   9.09  sec
Absolute Gap:     0.000000
Relative Gap:     0.000000
============= inst 263 end=============

