============= inst 264 =============
Route:
1  3  14 2  1  
1  7  13 5  16 10 6  1  
1  12 20 17 29 9  22 1  
1  19 21 15 18 26 1  
1  23 11 4  27 30 1  
1  25 24 8  28 1  

Point Location:
120 81  70  214 100 67  150 106 166 68  167 155 131 68  25  54  191 49  14  183 32  166 160 100 84  50  183 125 202 167 
137 178 150 216 10  55  77  59  105 43  207 83  25  212 61  17  27  100 137 40  103 124 188 57  83  102 195 66  74  159 

Total Distance:   1610.978828
Execution Time:   18.11  sec
Absolute Gap:     0.000000
Relative Gap:     0.000000
============= inst 264 end=============

