============= inst 265 =============
Route:
1  2  30 8  1  
1  3  26 21 5  25 4  1  
1  7  22 28 14 15 24 1  
1  10 23 13 11 1  
1  17 19 12 27 1  
1  29 16 6  18 20 9  1  

Point Location:
150 146 121 111 11  193 75  144 178 202 176 87  178 15  50  151 138 189 103 198 35  50  195 76  49  64  121 22  154 142 
148 134 85  119 73  46  189 102 125 153 173 176 205 155 160 48  194 106 199 121 38  190 165 170 57  35  174 195 81  121 

Total Distance:   1446.104650
Execution Time:   29.41  sec
Absolute Gap:     0.000000
Relative Gap:     0.000000
============= inst 265 end=============

