============= inst 266 =============
Route:
1  3  21 10 30 23 25 1  
1  9  16 19 4  6  14 1  
1  12 26 5  1  
1  18 8  24 15 2  17 1  
1  20 22 7  1  
1  27 13 28 11 29 1  

Point Location:
103 61  63  217 125 186 76  56  161 36  131 152 206 174 38  167 93  83  197 103 42  80  17  26  41  140 164 172 117 11  
134 78  173 196 97  218 183 140 174 215 45  98  95  211 29  178 104 139 173 203 203 216 202 98  171 95  147 48  43  209 

Total Distance:   1494.210695
Execution Time:   4.03  sec
Absolute Gap:     0.000000
Relative Gap:     0.000000
============= inst 266 end=============

