============= inst 267 =============
Route:
1  5  6  2  3  8  12 1  
1  11 28 29 1  
1  16 27 4  13 15 23 1  
1  18 17 19 1  
1  20 22 26 7  21 1  
1  24 30 14 25 9  10 1  

Point Location:
70  206 215 203 119 189 64  206 117 109 64  139 209 99  191 155 108 89  90  42  88  58  178 74  126 69  177 46  11  87  
96  12  34  187 44  30  35  39  118 112 126 100 95  176 89  129 82  103 91  38  40  11  105 119 122 15  179 145 132 159 

Total Distance:   1447.118206
Execution Time:   64.78  sec
Absolute Gap:     0.000000
Relative Gap:     0.000000
============= inst 267 end=============

