============= inst 268 =============
Route:
1  4  8  12 6  13 1  
1  10 30 5  16 29 18 1  
1  11 7  28 1  
1  15 24 20 19 27 2  1  
1  21 14 22 3  23 9  1  
1  26 17 25 1  

Point Location:
80  76  121 126 202 211 112 193 111 158 87  194 164 191 59  204 12  173 39  22  188 121 117 37  21  51  80  128 183 207 
93  196 177 37  122 44  116 12  172 142 119 35  65  211 116 112 67  75  203 179 183 203 168 157 9   86  205 115 86  130 

Total Distance:   1641.778928
Execution Time:   22.26  sec
Absolute Gap:     0.000000
Relative Gap:     0.000000
============= inst 268 end=============

