============= inst 269 =============
Route:
1  4  17 6  28 10 23 1  
1  9  24 5  27 19 1  
1  13 30 29 16 14 15 1  
1  20 2  11 1  
1  21 3  7  12 22 8  1  
1  26 18 25 1  

Point Location:
109 73  145 86  181 48  191 136 186 14  99  196 71  78  112 71  47  142 144 13  131 146 21  194 157 115 180 19  63  57  
85  48  187 218 125 174 217 142 102 164 59  179 104 163 123 127 195 52  136 53  169 161 150 105 60  50  125 170 127 114 

Total Distance:   1476.222169
Execution Time:   105.03  sec
Absolute Gap:     0.000000
Relative Gap:     0.000000
============= inst 269 end=============

