============= inst 27 =============
Route:
1  2  14 11 13 20 25 1  
1  4  24 28 1  
1  10 7  15 21 6  5  1  
1  16 30 17 1  
1  27 8  9  23 12 1  
1  29 19 26 3  18 22 1  

Point Location:
148 103 25  183 174 158 107 157 210 114 71  174 57  56  105 138 137 32  33  67  162 94  182 205 91  18  128 165 74  111 
109 206 53  121 53  27  19  180 170 48  196 152 146 216 14  96  110 130 24  146 18  125 157 110 137 52  143 87  28  87  

Total Distance:   1438.045521
Execution Time:   81.56  sec
Absolute Gap:     0.000000
Relative Gap:     0.000000
============= inst 27 end=============

