============= inst 270 =============
Route:
1  4  20 22 1  
1  5  2  26 17 30 8  1  
1  9  25 12 18 28 1  
1  13 15 10 14 3  6  1  
1  23 19 27 1  
1  29 11 24 21 16 7  1  

Point Location:
111 45  196 39  104 208 132 60  170 200 92  204 149 204 161 132 30  173 137 81  139 107 139 142 195 22  144 138 98  50  
142 18  159 153 20  139 172 102 40  202 208 88  191 163 210 183 92  114 144 171 200 156 139 212 23  48  166 119 198 109 

Total Distance:   1443.038672
Execution Time:   90.14  sec
Absolute Gap:     0.000000
Relative Gap:     0.000000
============= inst 270 end=============

