============= inst 271 =============
Route:
1  11 8  18 23 25 16 1  
1  13 6  19 1  
1  14 2  28 9  27 15 1  
1  22 10 21 7  30 5  1  
1  26 24 12 17 3  1  
1  29 4  20 1  

Point Location:
144 40  192 48  129 128 87  168 18  88  129 153 127 94  68  159 174 193 148 73  85  102 200 152 174 148 19  20  50  116 
83  131 145 25  148 97  186 10  166 180 30  210 95  120 106 66  164 16  116 41  181 169 39  187 68  160 113 164 49  178 

Total Distance:   1420.258103
Execution Time:   77.91  sec
Absolute Gap:     0.000000
Relative Gap:     0.000000
============= inst 271 end=============

