============= inst 272 =============
Route:
1  9  4  3  30 25 7  1  
1  13 10 21 19 20 6  1  
1  15 26 24 1  
1  17 27 11 1  
1  23 14 16 5  8  2  1  
1  29 28 18 22 12 1  

Point Location:
112 40  154 139 7   186 94  18  127 190 209 118 172 15  36  13  179 75  199 203 206 103 47  36  108 20  190 41  92  156 
117 167 189 184 150 93  208 164 160 33  131 52  14  218 87  210 96  41  62  73  48  31  207 100 218 94  115 39  103 211 

Total Distance:   1578.798542
Execution Time:   1.33  sec
Absolute Gap:     0.000000
Relative Gap:     0.000000
============= inst 272 end=============

