============= inst 273 =============
Route:
1  8  7  23 18 26 13 1  
1  10 19 20 27 1  
1  11 25 2  9  17 29 1  
1  12 4  6  24 1  
1  15 5  16 3  14 21 1  
1  30 22 28 1  

Point Location:
119 7   12  173 58  201 129 185 7   144 62  161 78  38  83  9   8   89  195 206 77  88  110 137 31  72  175 107 61  124 
127 41  211 155 153 191 13  19  118 84  120 155 78  214 144 207 142 19  97  107 209 128 14  177 78  72  117 130 142 124 

Total Distance:   1528.084218
Execution Time:   36.72  sec
Absolute Gap:     0.000000
Relative Gap:     0.000000
============= inst 273 end=============

