============= inst 274 =============
Route:
1  3  27 19 17 1  
1  12 20 28 18 7  1  
1  13 2  14 30 4  1  
1  23 9  21 1  
1  24 25 11 22 5  16 1  
1  29 26 8  15 10 6  1  

Point Location:
75  52  147 7   166 163 124 218 87  187 209 46  65  45  205 151 79  108 111 87  98  197 74  157 176 212 119 92  185 42  
107 42  52  101 110 213 144 211 170 198 12  204 57  41  210 105 24  189 12  195 177 88  146 79  53  186 25  198 148 44  

Total Distance:   1677.671621
Execution Time:   6.03  sec
Absolute Gap:     0.000000
Relative Gap:     0.000000
============= inst 274 end=============

