============= inst 275 =============
Route:
1  7  27 20 18 10 26 1  
1  14 6  8  19 9  15 1  
1  16 22 17 1  
1  21 30 24 12 29 1  
1  25 5  23 1  
1  28 4  13 3  2  11 1  

Point Location:
120 35  8   40  97  202 182 216 188 49  76  185 21  175 157 82  93  20  184 69  197 71  93  188 108 113 151 66  180 218 
157 204 166 143 203 168 40  186 215 110 204 119 155 152 210 158 164 66  191 33  89  170 183 114 218 147 27  154 135 85  

Total Distance:   1478.106770
Execution Time:   17.42  sec
Absolute Gap:     0.000000
Relative Gap:     0.000000
============= inst 275 end=============

