============= inst 276 =============
Route:
1  5  15 18 19 1  
1  7  17 8  2  1  
1  16 23 3  21 14 26 1  
1  24 22 20 1  
1  25 10 30 13 29 6  1  
1  28 12 4  9  11 27 1  

Point Location:
142 204 53  26  122 98  119 196 21  23  48  11  74  28  125 97  157 146 208 124 27  98  72  161 48  40  55  51  91  7   
98  124 201 120 39  45  217 174 93  54  89  143 22  178 25  196 193 30  22  99  195 129 213 128 73  177 108 139 51  15  

Total Distance:   1770.277276
Execution Time:   61.61  sec
Absolute Gap:     0.000000
Relative Gap:     0.000000
============= inst 276 end=============

