============= inst 277 =============
Route:
1  4  12 17 1  
1  5  23 14 3  18 2  1  
1  6  22 20 1  
1  9  7  8  27 11 16 1  
1  15 13 25 26 19 1  
1  21 28 29 10 24 30 1  

Point Location:
68  124 203 54  169 53  101 81  96  178 13  56  199 185 183 39  71  163 134 132 200 113 174 177 145 133 70  211 202 144 
75  44  44  141 67  71  195 214 187 112 192 157 209 61  202 167 146 54  180 98  89  108 64  131 212 193 211 116 115 124 

Total Distance:   1734.776384
Execution Time:   31.44  sec
Absolute Gap:     0.000000
Relative Gap:     0.000000
============= inst 277 end=============

