============= inst 278 =============
Route:
1  4  9  15 17 28 5  1  
1  6  11 18 1  
1  20 8  23 13 2  1  
1  21 10 30 1  
1  25 24 7  26 3  12 1  
1  29 19 27 22 14 16 1  

Point Location:
131 207 190 64  39  165 131 167 20  94  195 192 206 78  26  112 26  191 29  142 78  73  187 127 108 141 61  29  83  116 
63  33  189 39  76  66  157 12  8   24  68  189 25  199 37  150 52  75  113 7   16  194 21  133 79  200 147 64  90  40  

Total Distance:   1491.708071
Execution Time:   8.80  sec
Absolute Gap:     0.000000
Relative Gap:     0.000000
============= inst 278 end=============

