============= inst 279 =============
Route:
1  8  23 14 21 2  9  1  
1  12 22 25 15 19 29 1  
1  16 18 3  1  
1  24 5  10 4  26 1  
1  28 6  13 1  
1  30 7  17 20 11 27 1  

Point Location:
77  169 63  48  15  90  164 161 109 34  152 63  84  212 7   96  169 77  9   194 197 24  165 10  24  65  150 74  15  148 
128 44  119 208 208 27  170 97  88  201 119 53  67  66  28  86  161 94  57  124 20  29  86  208 25  198 113 60  70  135 

Total Distance:   1477.367471
Execution Time:   12.11  sec
Absolute Gap:     0.000000
Relative Gap:     0.000000
============= inst 279 end=============

