============= inst 28 =============
Route:
1  3  20 14 18 1  
1  6  15 22 11 4  1  
1  8  25 10 1  
1  9  28 5  17 16 24 1  
1  13 29 12 7  2  19 1  
1  26 27 23 30 21 1  

Point Location:
113 52  70  169 153 199 19  99  128 126 181 33  70  7   208 169 166 36  81  39  112 178 141 152 142 161 189 139 45  128 
130 199 23  78  41  107 177 119 55  157 38  146 141 55  45  42  38  49  209 10  209 12  212 70  118 189 197 47  147 206 

Total Distance:   1583.856630
Execution Time:   17.66  sec
Absolute Gap:     0.000000
Relative Gap:     0.000000
============= inst 28 end=============

