============= inst 280 =============
Route:
1  6  23 21 7  1  
1  9  10 2  14 20 8  1  
1  12 28 15 18 30 1  
1  16 19 11 17 5  27 1  
1  22 29 4  3  26 1  
1  24 25 13 1  

Point Location:
62  144 158 159 163 30  35  131 116 141 200 82  97  175 69  133 183 25  131 174 18  71  18  63  71  108 161 91  117 33  
146 97  188 210 58  167 212 152 133 107 33  107 152 95  81  50  48  51  32  140 211 213 194 164 167 185 63  75  211 77  

Total Distance:   1486.673903
Execution Time:   108.13  sec
Absolute Gap:     0.000000
Relative Gap:     0.000000
============= inst 280 end=============

