============= inst 281 =============
Route:
1  10 12 15 7  24 4  1  
1  13 29 8  1  
1  17 30 14 1  
1  18 11 22 6  9  1  
1  19 3  28 16 2  27 1  
1  21 20 26 5  25 23 1  

Point Location:
101 186 185 204 40  9   184 79  33  125 52  145 95  95  157 201 143 77  159 52  74  41  47  188 43  52  166 187 75  100 
100 204 175 40  176 55  13  163 76  26  56  19  176 101 21  213 71  51  137 175 149 52  150 29  154 178 211 182 193 127 

Total Distance:   1406.081811
Execution Time:   46.16  sec
Absolute Gap:     0.000000
Relative Gap:     0.000000
============= inst 281 end=============

