============= inst 282 =============
Route:
1  9  15 28 14 20 11 1  
1  10 5  3  16 8  18 1  
1  19 4  12 1  
1  22 7  6  26 27 1  
1  24 17 2  29 1  
1  25 13 30 23 21 1  

Point Location:
141 27  26  155 34  201 214 74  127 71  78  140 190 54  87  52  100 111 168 39  195 210 207 90  172 184 168 89  80  214 
113 21  147 175 164 177 168 126 171 139 177 122 59  196 188 131 18  112 167 197 24  114 10  49  86  161 142 214 89  33  

Total Distance:   1539.322775
Execution Time:   39.61  sec
Absolute Gap:     0.000000
Relative Gap:     0.000000
============= inst 282 end=============

