============= inst 283 =============
Route:
1  8  27 12 10 1  
1  15 17 29 2  1  
1  19 4  7  1  
1  23 21 24 22 3  13 1  
1  26 20 18 6  11 16 1  
1  28 14 25 30 9  5  1  

Point Location:
133 197 162 118 188 28  124 71  205 95  12  56  165 196 161 67  175 55  122 76  149 155 128 155 198 110 63  153 184 213 
131 89  21  192 148 63  141 171 143 144 68  174 68  210 96  101 82  65  208 73  61  17  69  31  164 62  185 168 61  153 

Total Distance:   1367.689326
Execution Time:   2.56  sec
Absolute Gap:     0.000000
Relative Gap:     0.000000
============= inst 283 end=============

