============= inst 284 =============
Route:
1  2  4  12 1  
1  11 20 16 1  
1  15 23 19 30 25 3  1  
1  22 7  13 24 14 5  1  
1  28 10 18 8  21 1  
1  29 27 17 9  6  26 1  

Point Location:
108 145 61  150 63  189 99  197 201 196 116 139 30  10  111 92  218 218 69  114 186 129 115 12  9   149 188 188 167 56  
118 116 139 114 73  13  16  112 18  191 77  96  7   93  154 97  54  192 187 75  87  57  205 42  140 36  40  189 48  210 

Total Distance:   1619.095519
Execution Time:   12.06  sec
Absolute Gap:     0.000000
Relative Gap:     0.000000
============= inst 284 end=============

