============= inst 285 =============
Route:
1  15 11 2  20 1  
1  16 12 9  18 10 1  
1  21 8  17 1  
1  26 14 30 7  25 24 1  
1  28 22 4  3  19 1  
1  29 6  27 13 23 5  1  

Point Location:
83  39  111 111 97  25  169 114 204 124 54  152 66  190 65  143 117 158 110 54  94  66  78  153 160 132 20  57  36  177 
149 177 95  83  31  25  47  201 171 186 218 165 17  11  178 152 202 185 129 169 188 90  32  101 53  32  21  112 87  42  

Total Distance:   1487.903005
Execution Time:   52.33  sec
Absolute Gap:     0.000000
Relative Gap:     0.000000
============= inst 285 end=============

