============= inst 286 =============
Route:
1  4  29 11 8  17 10 1  
1  5  18 23 25 12 28 1  
1  7  2  3  26 27 6  1  
1  9  14 20 1  
1  16 13 15 1  
1  19 22 21 30 24 1  

Point Location:
126 64  57  186 80  56  64  195 115 178 198 155 111 94  111 127 181 115 50  110 14  13  132 50  135 28  57  184 200 31  
154 203 195 215 44  162 205 159 107 131 158 30  179 109 151 196 153 9   71  123 138 120 11  120 10  181 166 106 170 129 

Total Distance:   1398.227656
Execution Time:   45.76  sec
Absolute Gap:     0.000000
Relative Gap:     0.000000
============= inst 286 end=============

