============= inst 287 =============
Route:
1  6  20 19 15 9  26 1  
1  12 7  21 18 22 4  1  
1  17 10 5  3  27 1  
1  23 8  11 1  
1  25 13 30 1  
1  29 14 2  24 16 28 1  

Point Location:
89  39  18  153 21  128 208 30  127 35  30  177 196 68  126 11  71  199 132 130 190 183 37  18  193 95  38  54  72  168 
73  11  182 217 214 135 129 83  191 181 65  107 21  9   185 27  113 184 145 138 150 182 99  18  53  193 126 47  23  47  

Total Distance:   1653.238323
Execution Time:   16.75  sec
Absolute Gap:     0.000000
Relative Gap:     0.000000
============= inst 287 end=============

