============= inst 288 =============
Route:
1  5  7  3  30 19 15 1  
1  6  21 4  18 24 22 1  
1  8  16 17 1  
1  14 29 11 1  
1  26 28 2  10 23 13 1  
1  27 20 12 25 9  1  

Point Location:
87  211 162 32  136 57  172 72  69  194 76  34  118 52  199 96  110 24  211 108 43  19  178 9   48  157 113 181 42  186 
130 70  213 189 159 149 176 177 81  11  124 57  84  96  141 186 191 208 196 31  158 143 21  171 73  82  32  61  90  214 

Total Distance:   1531.070436
Execution Time:   14.55  sec
Absolute Gap:     0.000000
Relative Gap:     0.000000
============= inst 288 end=============

