============= inst 289 =============
Route:
1  2  18 6  8  20 1  
1  4  13 21 24 26 22 1  
1  7  9  17 27 1  
1  16 5  25 1  
1  28 23 29 3  14 15 1  
1  30 12 19 10 11 1  

Point Location:
118 185 39  180 26  161 43  141 38  202 167 203 184 9   75  68  31  187 214 119 124 120 76  124 45  120 56  102 58  188 
82  47  196 171 35  17  122 35  125 96  86  128 188 186 174 38  137 44  105 16  185 120 202 162 90  137 135 196 212 128 

Total Distance:   1592.055219
Execution Time:   12.84  sec
Absolute Gap:     0.000000
Relative Gap:     0.000000
============= inst 289 end=============

