============= inst 29 =============
Route:
1  3  2  10 26 1  
1  21 13 7  23 16 11 1  
1  25 24 18 1  
1  27 12 9  15 8  20 1  
1  28 14 4  30 1  
1  29 22 17 6  5  19 1  

Point Location:
110 29  44  165 17  22  213 187 218 7   122 189 199 186 193 165 31  114 42  183 203 42  194 89  88  64  190 164 101 157 
91  43  58  142 178 187 207 31  24  83  182 52  174 145 12  173 202 111 183 34  168 203 183 61  52  117 91  108 217 135 

Total Distance:   1616.969940
Execution Time:   42.16  sec
Absolute Gap:     0.000000
Relative Gap:     0.000000
============= inst 29 end=============

