============= inst 290 =============
Route:
1  14 26 8  10 1  
1  15 2  25 30 5  22 1  
1  19 21 23 9  13 11 1  
1  24 20 18 1  
1  27 12 4  28 1  
1  29 3  7  16 6  17 1  

Point Location:
109 193 209 164 201 149 205 36  116 79  104 164 112 40  149 178 143 100 62  131 73  181 76  125 199 19  151 157 208 209 
148 190 42  76  170 14  15  218 53  179 103 64  69  204 190 27  35  149 95  115 8   172 9   151 197 210 56  88  129 180 

Total Distance:   1531.531194
Execution Time:   37.84  sec
Absolute Gap:     0.000000
Relative Gap:     0.000000
============= inst 290 end=============

