============= inst 291 =============
Route:
1  3  19 21 1  
1  9  7  22 23 17 12 1  
1  11 27 15 16 5  20 1  
1  24 2  26 18 10 6  1  
1  28 29 8  14 25 1  
1  30 13 4  1  

Point Location:
91  48  160 86  67  29  175 115 134 17  96  184 90  94  66  57  194 13  161 68  135 170 208 61  94  12  106 140 143 113 
127 92  129 166 32  149 186 66  169 108 42  169 210 57  17  30  177 89  128 38  114 207 198 95  103 75  28  98  73  216 

Total Distance:   1360.865901
Execution Time:   18.39  sec
Absolute Gap:     0.000000
Relative Gap:     0.000000
============= inst 291 end=============

