============= inst 292 =============
Route:
1  4  16 3  6  2  23 1  
1  5  9  24 1  
1  15 25 27 1  
1  28 11 13 19 21 14 1  
1  29 22 7  10 26 1  
1  30 20 17 8  12 18 1  

Point Location:
111 97  191 150 112 189 109 17  132 112 205 8   211 182 167 166 45  72  205 65  188 110 35  136 160 130 147 190 112 68  
111 218 183 163 114 212 18  29  164 26  141 108 109 96  130 165 29  107 30  35  78  26  200 147 130 39  131 140 66  40  

Total Distance:   1525.664832
Execution Time:   2.58  sec
Absolute Gap:     0.000000
Relative Gap:     0.000000
============= inst 292 end=============

