============= inst 293 =============
Route:
1  5  15 27 1  
1  9  19 26 3  22 30 1  
1  10 20 24 21 14 28 1  
1  12 25 16 13 8  23 1  
1  17 18 4  1  
1  29 6  11 7  2  1  

Point Location:
158 84  168 107 127 66  38  53  148 61  28  149 47  84  122 28  122 116 137 40  64  175 99  35  64  146 113 89  85  191 
143 103 9   59  145 113 94  169 60  60  111 214 161 36  138 164 80  72  54  44  13  34  177 38  213 47  114 53  111 97  

Total Distance:   1625.235509
Execution Time:   25.63  sec
Absolute Gap:     0.000000
Relative Gap:     0.000000
============= inst 293 end=============

