============= inst 294 =============
Route:
1  16 22 7  1  
1  17 12 25 6  14 10 1  
1  19 11 30 2  8  15 1  
1  23 18 5  21 9  1  
1  26 4  20 13 24 28 1  
1  27 29 3  1  

Point Location:
158 206 180 93  103 13  183 203 15  101 178 22  77  51  194 167 67  108 165 76  69  187 126 86  26  107 149 92  144 212 
147 33  200 160 43  183 136 67  17  189 19  110 141 159 81  158 119 46  32  143 35  172 46  123 139 154 189 123 202 21  

Total Distance:   1554.050786
Execution Time:   69.00  sec
Absolute Gap:     0.000000
Relative Gap:     0.000000
============= inst 294 end=============

