============= inst 295 =============
Route:
1  5  23 27 3  7  28 1  
1  6  26 30 17 14 22 1  
1  8  24 2  1  
1  13 21 10 1  
1  15 18 20 11 12 4  1  
1  25 29 9  19 16 1  

Point Location:
74  43  187 82  119 79  196 31  184 65  58  80  41  178 21  162 167 20  175 27  13  198 163 27  131 86  171 182 187 105 
99  139 200 170 191 41  195 93  142 31  186 200 40  39  161 121 34  183 119 177 24  54  187 139 157 31  202 174 147 25  

Total Distance:   1591.123001
Execution Time:   26.73  sec
Absolute Gap:     0.000000
Relative Gap:     0.000000
============= inst 295 end=============

