============= inst 296 =============
Route:
1  9  30 7  29 1  
1  13 22 25 1  
1  14 12 26 24 2  6  1  
1  15 28 16 5  23 17 1  
1  18 21 27 4  3  11 1  
1  19 20 10 8  1  

Point Location:
86  208 217 206 87  148 33  95  33  114 198 155 119 138 31  35  95  157 157 136 168 130 90  217 135 203 192 25  66  18  
155 165 91  38  25  147 89  99  175 70  88  193 198 173 72  10  42  61  107 88  14  217 30  182 206 183 41  46  82  149 

Total Distance:   1709.784609
Execution Time:   8.11  sec
Absolute Gap:     0.000000
Relative Gap:     0.000000
============= inst 296 end=============

