============= inst 297 =============
Route:
1  8  18 29 10 3  27 1  
1  9  5  2  19 22 1  
1  13 26 11 1  
1  20 6  4  1  
1  28 7  15 24 25 16 1  
1  30 23 12 21 17 14 1  

Point Location:
129 39  204 179 43  204 21  213 56  195 144 91  95  39  12  24  40  213 42  161 53  61  112 7   16  130 193 50  211 117 
121 48  26  102 70  146 138 69  76  7   25  209 46  154 149 88  170 61  51  174 189 70  181 113 77  38  62  144 23  178 

Total Distance:   1603.730025
Execution Time:   53.56  sec
Absolute Gap:     0.000000
Relative Gap:     0.000000
============= inst 297 end=============

