============= inst 298 =============
Route:
1  8  5  21 10 23 28 1  
1  14 18 9  26 3  1  
1  15 6  12 1  
1  25 2  4  1  
1  29 17 16 11 22 13 1  
1  30 20 27 24 19 7  1  

Point Location:
131 165 144 212 214 155 32  179 162 204 27  168 88  111 126 31  26  123 27  38  196 62  187 15  119 160 8   172 94  47  
148 205 70  200 85  119 137 97  34  145 170 118 137 74  132 192 201 69  131 94  127 168 133 93  200 41  38  135 180 88  

Total Distance:   1518.221117
Execution Time:   17.88  sec
Absolute Gap:     0.000000
Relative Gap:     0.000000
============= inst 298 end=============

