============= inst 299 =============
Route:
1  2  12 29 26 24 1  
1  7  27 25 1  
1  9  22 5  11 4  19 1  
1  14 10 6  3  17 13 1  
1  15 8  21 1  
1  16 23 20 30 28 18 1  

Point Location:
98  62  51  130 178 110 113 150 168 116 143 30  51  109 140 190 43  155 123 204 132 206 193 85  101 54  111 182 41  200 
75  24  206 209 207 188 49  80  172 190 210 57  180 167 80  108 211 24  149 90  90  216 116 146 32  139 29  14  124 42  

Total Distance:   1570.103112
Execution Time:   51.86  sec
Absolute Gap:     0.000000
Relative Gap:     0.000000
============= inst 299 end=============

