============= inst 3 =============
Route:
1  4  28 29 3  13 22 1  
1  10 16 12 1  
1  11 7  26 21 8  24 1  
1  14 19 9  5  18 1  
1  20 6  30 1  
1  25 2  17 15 27 23 1  

Point Location:
100 66  118 103 192 116 207 142 210 58  150 68  149 154 21  61  54  148 186 80  172 150 8   134 88  201 7   105 96  104 
75  170 173 106 14  44  160 107 39  79  135 47  163 58  201 64  169 46  67  26  129 151 122 97  143 144 150 141 207 51  

Total Distance:   1453.400377
Execution Time:   19.06  sec
Absolute Gap:     0.000000
Relative Gap:     0.000000
============= inst 3 end=============

