============= inst 30 =============
Route:
1  9  27 19 3  26 4  1  
1  10 13 16 18 5  29 1  
1  17 24 8  1  
1  21 14 7  20 25 11 1  
1  28 23 6  1  
1  30 22 15 2  12 1  

Point Location:
99  110 207 170 164 100 18  25  176 145 13  125 159 30  52  178 36  193 202 9   86  42  121 28  15  204 212 83  143 21  
106 15  51  38  217 97  209 160 130 121 156 8   172 203 8   181 169 218 55  201 143 29  63  168 177 29  106 53  202 74  

Total Distance:   1627.262130
Execution Time:   40.45  sec
Absolute Gap:     0.000000
Relative Gap:     0.000000
============= inst 30 end=============

