============= inst 300 =============
Route:
1  7  25 28 19 5  1  
1  8  3  29 1  
1  16 6  27 11 26 10 1  
1  20 30 2  18 9  14 1  
1  21 4  17 12 13 23 1  
1  22 24 15 1  

Point Location:
120 148 110 71  207 22  78  116 218 41  43  40  65  161 147 40  13  203 164 134 83  139 92  144 125 48  24  161 117 116 
105 12  112 59  184 204 216 146 58  110 141 19  25  47  57  170 7   17  179 35  74  50  44  45  210 125 171 186 108 12  

Total Distance:   1582.395272
Execution Time:   7.33  sec
Absolute Gap:     0.000000
Relative Gap:     0.000000
============= inst 300 end=============

