============= inst 301 =============
Route:
1  6  11 21 24 3  20 1  
1  8  28 18 1  
1  14 4  26 1  
1  19 15 25 17 29 13 1  
1  23 30 22 16 12 10 1  
1  27 5  9  2  7  1  

Point Location:
75  51  190 85  75  123 51  28  64  89  156 98  132 73  161 79  213 94  108 143 170 62  45  214 176 76  77  50  151 48  
65  141 28  24  164 78  137 107 165 139 70  204 110 30  180 198 141 79  123 24  80  203 186 48  178 65  142 124 127 188 

Total Distance:   1500.349714
Execution Time:   86.97  sec
Absolute Gap:     0.000000
Relative Gap:     0.000000
============= inst 301 end=============

