============= inst 302 =============
Route:
1  2  29 22 1  
1  12 14 13 11 16 9  1  
1  17 28 20 27 15 1  
1  18 5  24 1  
1  21 4  10 6  7  26 1  
1  30 3  23 25 8  19 1  

Point Location:
111 167 31  55  115 37  24  113 212 35  212 176 214 201 119 212 63  114 110 112 75  154 65  105 153 49  121 88  175 41  
78  74  148 112 137 69  17  176 49  99  88  121 90  98  40  53  12  119 158 7   86  54  203 84  194 28  11  12  40  143 

Total Distance:   1456.173475
Execution Time:   67.16  sec
Absolute Gap:     0.000000
Relative Gap:     0.000000
============= inst 302 end=============

