============= inst 303 =============
Route:
1  11 20 2  6  29 8  1  
1  19 14 26 16 23 25 1  
1  21 9  5  13 18 1  
1  22 28 3  1  
1  24 10 30 12 7  15 1  
1  27 17 4  1  

Point Location:
106 19  158 70  218 24  10  49  178 101 73  67  214 167 34  139 103 150 156 43  113 119 120 95  124 150 115 126 26  106 
158 159 215 201 93  165 100 186 101 42  146 21  137 57  119 45  215 153 68  149 128 180 60  56  64  52  212 207 196 14  

Total Distance:   1508.413149
Execution Time:   56.63  sec
Absolute Gap:     0.000000
Relative Gap:     0.000000
============= inst 303 end=============

