============= inst 304 =============
Route:
1  6  22 29 1  
1  7  17 19 2  10 8  1  
1  18 15 16 26 5  30 1  
1  20 11 25 1  
1  21 9  12 28 14 24 1  
1  23 3  4  13 27 1  

Point Location:
132 22  99  75  80  112 94  65  185 17  162 208 75  190 74  58  57  82  46  126 185 102 116 159 159 18  92  195 123 91  
135 172 208 216 58  128 158 124 89  156 172 75  208 12  77  70  158 94  200 142 100 103 192 87  156 40  201 38  76  78  

Total Distance:   1375.909642
Execution Time:   9.02  sec
Absolute Gap:     0.000000
Relative Gap:     0.000000
============= inst 304 end=============

