============= inst 305 =============
Route:
1  7  22 16 20 23 5  1  
1  8  13 11 21 1  
1  9  26 28 1  
1  10 14 6  4  2  3  1  
1  15 29 19 24 12 25 1  
1  17 30 27 18 1  

Point Location:
75  207 190 211 117 162 144 152 85  157 123 103 156 160 46  195 57  40  15  136 97  195 125 84  86  120 20  134 30  45  
93  113 114 141 167 143 164 84  91  128 25  183 20  132 123 199 52  69  189 198 23  190 202 197 149 87  53  86  130 58  

Total Distance:   1526.853620
Execution Time:   109.70  sec
Absolute Gap:     0.000000
Relative Gap:     0.000000
============= inst 305 end=============

