============= inst 306 =============
Route:
1  2  15 24 1  
1  9  14 30 3  12 26 1  
1  11 8  4  10 29 6  1  
1  18 19 25 1  
1  21 23 17 16 20 1  
1  28 27 5  22 7  13 1  

Point Location:
144 95  205 16  80  69  72  29  188 12  34  176 95  209 118 216 209 128 75  201 183 64  199 171 95  181 88  119 16  217 
151 203 107 103 26  214 68  74  133 199 83  65  113 122 218 157 169 156 159 157 188 69  185 213 147 94  43  102 199 117 

Total Distance:   1513.383499
Execution Time:   54.94  sec
Absolute Gap:     0.000000
Relative Gap:     0.000000
============= inst 306 end=============

