============= inst 307 =============
Route:
1  2  28 21 25 26 8  1  
1  14 19 24 1  
1  15 29 20 11 13 6  1  
1  18 16 17 5  7  4  1  
1  23 12 3  1  
1  30 10 27 22 9  1  

Point Location:
124 85  119 154 162 143 170 54  98  66  181 127 171 92  152 183 178 185 80  206 22  47  123 107 23  12  17  90  213 82  
119 166 83  52  10  149 45  120 62  76  214 49  177 103 128 46  32  62  138 112 216 37  82  119 152 116 26  210 101 76  

Total Distance:   1545.376171
Execution Time:   36.47  sec
Absolute Gap:     0.000000
Relative Gap:     0.000000
============= inst 307 end=============

