============= inst 308 =============
Route:
1  6  29 20 30 27 23 1  
1  9  5  11 7  14 13 1  
1  10 21 22 16 8  1  
1  17 18 12 2  24 25 1  
1  19 15 26 1  
1  28 3  4  1  

Point Location:
122 46  211 188 51  116 17  94  78  80  17  55  51  50  155 45  76  60  116 127 58  39  188 64  120 142 190 213 128 169 
157 211 140 122 126 49  150 45  143 99  149 185 174 169 123 9   178 179 145 18  101 70  98  218 209 139 82  205 36  64  

Total Distance:   1549.938300
Execution Time:   5.20  sec
Absolute Gap:     0.000000
Relative Gap:     0.000000
============= inst 308 end=============

