============= inst 309 =============
Route:
1  14 4  17 30 6  1  
1  15 19 11 5  18 7  1  
1  16 12 25 27 2  9  1  
1  24 22 20 1  
1  26 13 21 8  28 23 1  
1  29 10 3  1  

Point Location:
63  148 22  42  117 50  148 209 94  16  105 178 211 34  93  136 43  151 112 96  216 100 173 122 189 198 173 193 27  54  
144 107 155 38  49  86  77  80  136 114 61  217 120 73  92  174 11  32  68  198 114 200 64  183 138 131 138 83  107 73  

Total Distance:   1642.301833
Execution Time:   108.26  sec
Absolute Gap:     0.000000
Relative Gap:     0.000000
============= inst 309 end=============

