============= inst 31 =============
Route:
1  10 4  18 6  14 12 1  
1  11 3  17 23 5  8  1  
1  13 28 16 9  1  
1  15 21 24 1  
1  26 20 25 2  19 7  1  
1  30 27 29 22 1  

Point Location:
62  188 193 46  167 13  143 127 86  52  174 37  110 9   46  109 184 36  162 153 14  110 212 30  164 142 132 112 127 97  
68  23  126 141 204 214 26  147 134 107 82  107 149 210 25  176 132 200 28  69  17  113 169 66  54  77  103 163 115 88  

Total Distance:   1632.499005
Execution Time:   15.72  sec
Absolute Gap:     0.000000
Relative Gap:     0.000000
============= inst 31 end=============

