============= inst 310 =============
Route:
1  5  24 17 4  19 7  1  
1  9  3  25 12 6  1  
1  11 23 8  1  
1  15 22 2  13 27 14 1  
1  18 28 10 16 26 20 1  
1  21 30 29 1  

Point Location:
147 33  122 35  95  140 115 205 136 218 210 140 58  98  95  199 33  215 54  160 188 68  210 89  136 172 72  213 179 208 
96  85  145 193 179 133 113 95  110 202 119 173 26  28  64  207 213 160 148 190 98  62  97  187 176 196 36  171 71  49  

Total Distance:   1456.196810
Execution Time:   12.67  sec
Absolute Gap:     0.000000
Relative Gap:     0.000000
============= inst 310 end=============

