============= inst 311 =============
Route:
1  3  24 2  5  8  14 1  
1  13 21 25 19 9  30 1  
1  16 6  12 26 15 1  
1  18 4  23 1  
1  22 11 29 1  
1  27 17 7  28 20 10 1  

Point Location:
96  17  67  26  15  72  183 9   187 79  83  90  149 36  90  74  182 29  205 94  172 99  47  23  199 83  193 118 96  195 
87  84  53  194 91  37  179 104 61  156 100 12  75  97  64  40  174 123 72  196 84  76  137 48  76  44  104 176 99  24  

Total Distance:   1418.203659
Execution Time:   69.25  sec
Absolute Gap:     0.000000
Relative Gap:     0.000000
============= inst 311 end=============

