============= inst 312 =============
Route:
1  2  7  27 1  
1  3  12 21 6  18 9  1  
1  8  4  15 23 19 25 1  
1  11 29 16 22 1  
1  13 28 14 26 20 24 1  
1  17 5  30 10 1  

Point Location:
116 124 14  41  202 88  130 74  119 151 77  50  147 207 35  72  164 133 18  136 59  82  11  130 25  149 127 202 64  178 
56  29  176 72  24  213 35  45  185 59  26  216 103 126 81  18  9   204 100 155 206 10  62  108 127 167 60  92  23  49  

Total Distance:   1521.391079
Execution Time:   84.27  sec
Absolute Gap:     0.000000
Relative Gap:     0.000000
============= inst 312 end=============

