============= inst 313 =============
Route:
1  3  30 14 2  6  19 1  
1  4  24 11 27 26 1  
1  13 21 22 1  
1  23 28 12 8  20 16 1  
1  25 17 7  18 15 1  
1  29 10 5  9  1  

Point Location:
118 39  10  125 91  44  173 72  97  72  192 24  108 31  157 122 208 150 65  105 147 138 27  164 188 150 157 27  88  18  
86  46  79  24  180 41  172 212 174 177 38  193 112 40  151 137 135 170 64  213 103 98  112 19  100 57  49  115 142 36  

Total Distance:   1490.066402
Execution Time:   119.27  sec
Absolute Gap:     0.000000
Relative Gap:     0.000000
============= inst 313 end=============

