============= inst 314 =============
Route:
1  8  4  30 1  
1  10 2  16 24 15 20 1  
1  13 28 3  12 27 25 1  
1  14 21 6  1  
1  22 23 11 5  26 17 1  
1  29 19 7  9  18 1  

Point Location:
83  159 113 41  62  32  159 64  150 150 62  109 109 93  191 192 84  130 177 165 50  46  59  192 98  69  99  131 158 44  
102 82  198 128 195 108 163 131 161 90  194 210 129 75  15  91  161 135 159 60  18  167 173 24  169 172 174 179 132 112 

Total Distance:   1378.910543
Execution Time:   5.03  sec
Absolute Gap:     0.000000
Relative Gap:     0.000000
============= inst 314 end=============

