============= inst 315 =============
Route:
1  3  25 30 1  
1  4  22 28 8  18 24 1  
1  9  20 10 16 29 1  
1  14 6  11 7  5  23 1  
1  17 21 26 1  
1  19 2  15 13 12 27 1  

Point Location:
130 33  174 63  172 190 178 79  52  29  177 115 101 130 73  50  142 109 28  20  160 58  155 122 170 161 125 63  80  168 
125 31  133 95  97  33  79  84  135 149 52  38  33  61  14  187 161 94  37  123 178 84  107 102 158 178 53  70  214 156 

Total Distance:   1340.708879
Execution Time:   13.91  sec
Absolute Gap:     0.000000
Relative Gap:     0.000000
============= inst 315 end=============

