============= inst 316 =============
Route:
1  2  26 22 12 8  1  
1  4  10 17 14 30 16 1  
1  11 27 9  1  
1  13 5  6  1  
1  28 25 20 23 18 15 1  
1  29 7  3  19 24 21 1  

Point Location:
86  91  77  162 122 124 36  152 68  202 33  167 101 195 187 144 213 190 107 199 75  142 205 92  194 137 26  159 33  187 
83  17  192 116 131 155 189 51  88  176 112 28  90  197 39  168 214 40  198 82  153 22  82  189 102 29  116 96  172 201 

Total Distance:   1554.853823
Execution Time:   41.09  sec
Absolute Gap:     0.000000
Relative Gap:     0.000000
============= inst 316 end=============

