============= inst 317 =============
Route:
1  2  12 8  26 29 28 1  
1  9  21 11 1  
1  10 18 24 13 16 5  1  
1  23 15 20 4  19 3  1  
1  25 14 7  17 30 1  
1  27 22 6  1  

Point Location:
113 132 150 189 84  131 19  163 90  52  41  133 36  9   181 46  23  26  166 203 30  140 182 25  11  197 109 179 203 36  
72  192 37  43  185 106 120 216 30  142 34  198 201 124 76  200 99  173 56  59  19  120 110 176 150 154 82  124 119 88  

Total Distance:   1578.842085
Execution Time:   76.48  sec
Absolute Gap:     0.000000
Relative Gap:     0.000000
============= inst 317 end=============

