============= inst 318 =============
Route:
1  5  10 9  22 3  1  
1  19 26 12 6  14 24 1  
1  21 4  16 1  
1  23 8  7  11 30 2  1  
1  27 20 17 1  
1  28 29 18 13 25 15 1  

Point Location:
75  151 132 22  38  166 192 174 149 91  209 187 89  151 106 38  57  53  130 75  12  134 122 135 110 218 72  64  50  189 
157 180 189 112 191 34  140 140 202 215 148 38  14  52  77  125 91  17  113 101 72  189 121 82  25  93  105 54  21  160 

Total Distance:   1655.647319
Execution Time:   36.47  sec
Absolute Gap:     0.000000
Relative Gap:     0.000000
============= inst 318 end=============

