============= inst 319 =============
Route:
1  4  23 25 21 6  1  
1  5  15 3  22 10 2  1  
1  11 7  29 1  
1  13 8  17 18 26 30 1  
1  14 19 12 27 9  16 1  
1  20 28 24 1  

Point Location:
62  144 211 130 190 117 94  121 67  151 93  35  130 33  206 75  159 183 20  57  135 182 152 17  152 197 19  27  91  196 
149 181 191 140 128 104 100 25  13  178 149 66  47  90  141 54  15  25  75  135 97  197 118 183 116 91  50  159 84  124 

Total Distance:   1655.339004
Execution Time:   89.09  sec
Absolute Gap:     0.000000
Relative Gap:     0.000000
============= inst 319 end=============

