============= inst 32 =============
Route:
1  3  7  2  1  
1  9  27 5  19 6  8  1  
1  10 26 15 18 11 14 1  
1  12 29 21 1  
1  16 28 24 22 17 1  
1  23 30 13 20 4  25 1  

Point Location:
140 211 198 34  138 88  217 67  156 120 47  153 17  46  16  194 185 32  94  32  128 208 61  216 81  51  148 213 139 20  
56  42  86  18  198 175 86  183 166 138 90  83  25  79  123 104 143 115 179 27  105 132 46  136 18  129 185 112 100 38  

Total Distance:   1557.940688
Execution Time:   5.76  sec
Absolute Gap:     0.000000
Relative Gap:     0.000000
============= inst 32 end=============

