============= inst 320 =============
Route:
1  2  6  4  22 8  21 1  
1  17 11 29 1  
1  19 18 20 24 28 1  
1  25 23 7  5  1  
1  26 16 15 3  9  12 1  
1  30 14 13 27 10 1  

Point Location:
90  180 143 218 52  217 11  199 126 126 106 101 49  48  187 153 87  47  61  69  196 217 24  80  25  140 60  97  114 66  
121 177 32  166 108 218 106 121 25  212 138 102 199 199 33  61  134 46  63  43  114 139 94  26  81  119 217 29  140 135 

Total Distance:   1477.530551
Execution Time:   87.59  sec
Absolute Gap:     0.000000
Relative Gap:     0.000000
============= inst 320 end=============

