============= inst 321 =============
Route:
1  11 20 28 8  21 26 1  
1  15 10 30 1  
1  16 5  23 1  
1  18 27 4  7  3  2  1  
1  24 6  29 13 17 1  
1  25 9  14 12 22 19 1  

Point Location:
78  49  47  11  84  110 44  183 12  148 161 19  135 8   145 100 136 39  37  213 161 11  75  85  50  111 38  186 119 133 
104 79  73  21  69  153 37  214 216 38  96  153 134 198 41  80  107 80  129 125 210 109 107 125 155 197 66  156 139 67  

Total Distance:   1433.482563
Execution Time:   4.53  sec
Absolute Gap:     0.000000
Relative Gap:     0.000000
============= inst 321 end=============

