============= inst 322 =============
Route:
1  6  3  9  11 17 1  
1  14 7  26 1  
1  15 12 8  29 20 25 1  
1  24 21 5  1  
1  28 19 10 27 16 13 1  
1  30 23 4  2  18 22 1  

Point Location:
138 173 205 196 78  199 105 32  205 119 200 57  75  143 89  18  174 148 137 24  63  134 209 56  44  91  97  134 26  208 
60  213 83  214 36  46  45  94  110 175 128 107 121 15  104 159 133 212 147 39  34  199 202 36  17  61  206 91  88  168 

Total Distance:   1698.230675
Execution Time:   61.36  sec
Absolute Gap:     0.000000
Relative Gap:     0.000000
============= inst 322 end=============

