============= inst 323 =============
Route:
1  13 27 12 24 16 15 1  
1  14 26 30 1  
1  18 28 20 22 1  
1  19 2  10 8  25 6  1  
1  21 4  5  3  1  
1  29 17 11 9  23 7  1  

Point Location:
124 134 55  87  75  158 44  198 19  176 9   22  81  92  99  46  18  204 134 208 121 212 41  7   189 74  48  218 51  64  
145 10  195 208 209 88  134 60  134 50  151 39  77  171 79  20  161 133 16  175 176 202 126 35  78  128 52  166 151 117 

Total Distance:   1579.114697
Execution Time:   6.08  sec
Absolute Gap:     0.000000
Relative Gap:     0.000000
============= inst 323 end=============

