============= inst 324 =============
Route:
1  4  26 22 1  
1  5  10 25 1  
1  6  24 3  20 11 30 1  
1  12 21 28 7  23 27 1  
1  17 29 16 9  13 15 1  
1  18 14 8  2  19 1  

Point Location:
104 207 12  83  142 61  79  197 188 129 14  64  166 172 152 186 143 166 152 11  57  76  81  12  89  47  96  72  141 43  
62  71  74  14  29  77  212 98  161 47  57  131 142 97  142 195 145 87  71  69  194 38  198 116 78  17  185 201 206 71  

Total Distance:   1503.403872
Execution Time:   49.00  sec
Absolute Gap:     0.000000
Relative Gap:     0.000000
============= inst 324 end=============

