============= inst 325 =============
Route:
1  8  26 27 1  
1  10 17 18 24 1  
1  20 5  11 7  12 6  1  
1  21 19 28 16 13 29 1  
1  23 22 3  2  25 14 1  
1  30 15 4  9  1  

Point Location:
151 84  121 205 110 129 69  144 196 174 9   141 20  94  205 14  172 154 7   110 58  134 142 153 84  144 130 8   29  185 
117 31  38  95  152 157 211 93  119 157 195 218 97  78  44  87  158 138 70  152 62  16  53  137 61  78  104 74  84  95  

Total Distance:   1430.368547
Execution Time:   36.88  sec
Absolute Gap:     0.000000
Relative Gap:     0.000000
============= inst 325 end=============

