============= inst 326 =============
Route:
1  3  28 14 9  27 20 1  
1  4  15 24 19 30 1  
1  7  25 8  1  
1  10 16 11 13 2  5  1  
1  21 18 23 22 17 12 1  
1  26 6  29 1  

Point Location:
132 211 102 64  167 91  83  94  121 162 214 164 214 37  52  169 205 183 56  123 138 210 209 49  69  128 113 15  53  68  
142 15  82  125 51  210 126 142 8   112 74  149 33  9   119 98  151 214 78  88  165 159 215 99  124 198 31  23  185 75  

Total Distance:   1593.351059
Execution Time:   14.16  sec
Absolute Gap:     0.000000
Relative Gap:     0.000000
============= inst 326 end=============

