============= inst 327 =============
Route:
1  2  13 19 1  
1  3  9  23 11 1  
1  4  28 5  15 18 26 1  
1  7  8  6  22 10 17 1  
1  25 29 20 21 1  
1  30 12 24 16 14 27 1  

Point Location:
113 158 102 73  11  8   21  16  105 58  83  189 202 206 9   204 65  26  180 142 128 7   70  193 100 55  162 41  126 145 
82  42  38  158 189 108 110 116 15  48  74  173 19  134 167 170 57  154 76  203 114 59  28  171 197 117 101 155 210 138 

Total Distance:   1594.115222
Execution Time:   110.14  sec
Absolute Gap:     0.000000
Relative Gap:     0.000000
============= inst 327 end=============

