============= inst 328 =============
Route:
1  3  21 13 25 27 7  1  
1  5  26 30 8  22 6  1  
1  11 14 20 10 1  
1  12 2  17 29 9  23 1  
1  16 15 24 19 1  
1  28 4  18 1  

Point Location:
106 172 133 15  57  108 166 80  198 145 118 130 132 142 34  66  187 46  74  171 119 83  198 20  170 59  189 78  201 85  
134 85  51  202 54  73  58  37  86  140 170 108 18  193 86  98  50  157 120 171 37  63  116 90  34  30  32  207 76  14  

Total Distance:   1540.183129
Execution Time:   64.09  sec
Absolute Gap:     0.000000
Relative Gap:     0.000000
============= inst 328 end=============

