============= inst 329 =============
Route:
1  3  26 13 21 16 5  1  
1  11 15 12 1  
1  20 9  17 10 28 14 1  
1  22 27 8  1  
1  24 23 6  19 18 2  1  
1  25 7  4  30 29 1  

Point Location:
122 175 50  203 55  151 189 113 108 29  183 150 22  51  161 43  70  193 173 111 22  107 136 111 182 17  71  8   182 202 
143 73  173 207 144 35  198 180 57  38  176 198 149 80  191 127 52  59  15  84  146 162 24  42  189 197 196 64  136 179 

Total Distance:   1535.913147
Execution Time:   5.56  sec
Absolute Gap:     0.000000
Relative Gap:     0.000000
============= inst 329 end=============

