============= inst 33 =============
Route:
1  2  3  18 1  
1  17 27 29 1  
1  19 15 14 12 5  22 1  
1  23 16 11 30 25 9  1  
1  26 21 13 7  10 8  1  
1  28 20 4  6  24 1  

Point Location:
108 167 175 69  31  86  182 185 148 210 206 30  144 12  21  197 112 170 19  62  145 35  142 88  169 145 87  70  79  201 
134 100 103 207 53  194 11  79  169 79  138 103 9   103 134 144 79  111 155 195 18  27  144 168 216 33  84  150 86  190 

Total Distance:   1515.779970
Execution Time:   3.72  sec
Absolute Gap:     0.000000
Relative Gap:     0.000000
============= inst 33 end=============

