============= inst 330 =============
Route:
1  6  20 26 1  
1  12 28 21 18 11 17 1  
1  13 24 10 27 25 5  1  
1  22 7  9  2  8  1  
1  23 4  19 29 16 14 1  
1  30 15 3  1  

Point Location:
72  190 20  44  166 8   165 157 218 213 133 102 177 98  53  82  133 140 55  10  149 127 24  209 181 19  210 153 56  115 
145 212 170 17  117 129 163 182 208 91  86  18  91  50  177 44  87  62  11  130 56  147 14  41  119 136 122 21  27  175 

Total Distance:   1743.914054
Execution Time:   25.17  sec
Absolute Gap:     0.000000
Relative Gap:     0.000000
============= inst 330 end=============

