============= inst 331 =============
Route:
1  3  29 2  6  14 12 1  
1  5  7  9  10 16 28 1  
1  18 24 15 20 1  
1  22 4  27 11 1  
1  25 21 19 23 30 17 1  
1  26 8  13 1  

Point Location:
117 48  46  46  173 69  169 96  177 205 110 84  96  89  147 212 166 132 214 124 167 64  187 136 112 100 46  191 26  168 
122 23  34  205 170 8   176 126 198 185 183 49  144 22  196 154 49  140 11  178 10  186 40  158 85  127 209 139 20  50  

Total Distance:   1395.922303
Execution Time:   68.44  sec
Absolute Gap:     0.000000
Relative Gap:     0.000000
============= inst 331 end=============

