============= inst 332 =============
Route:
1  5  30 17 25 19 1  
1  8  21 9  1  
1  10 28 13 1  
1  14 23 27 7  20 2  1  
1  16 15 4  22 11 26 1  
1  24 3  12 29 6  18 1  

Point Location:
121 10  22  198 181 99  27  93  88  143 126 48  137 75  192 167 166 121 121 23  80  154 65  37  137 123 27  153 72  200 
92  121 172 177 42  164 67  58  62  84  197 186 115 29  133 125 8   116 63  106 53  197 49  147 53  146 65  98  216 27  

Total Distance:   1408.257064
Execution Time:   17.64  sec
Absolute Gap:     0.000000
Relative Gap:     0.000000
============= inst 332 end=============

