============= inst 333 =============
Route:
1  4  19 15 6  17 21 1  
1  5  27 20 1  
1  10 12 28 30 18 2  1  
1  13 7  16 1  
1  23 22 11 3  24 9  1  
1  26 29 14 25 8  1  

Point Location:
142 212 31  153 140 77  170 140 56  149 65  203 157 107 94  169 71  207 111 151 75  88  118 39  116 99  165 210 100 212 
126 52  114 17  164 8   113 59  100 179 184 212 122 64  9   113 59  99  9   136 65  199 188 97  53  121 152 160 85  148 

Total Distance:   1415.103315
Execution Time:   64.39  sec
Absolute Gap:     0.000000
Relative Gap:     0.000000
============= inst 333 end=============

