============= inst 334 =============
Route:
1  2  23 14 15 9  1  
1  18 29 24 1  
1  19 7  26 16 12 1  
1  21 11 10 8  22 27 1  
1  25 13 4  28 20 1  
1  30 3  5  17 6  1  

Point Location:
92  62  137 148 122 90  200 64  24  41  14  168 146 20  31  174 96  84  170 176 48  88  57  76  115 205 81  209 84  114 
125 167 175 23  203 175 130 21  144 44  44  100 50  180 171 104 201 168 122 52  56  31  208 168 97  116 65  7   180 176 

Total Distance:   1474.526101
Execution Time:   8.22  sec
Absolute Gap:     0.000000
Relative Gap:     0.000000
============= inst 334 end=============

