============= inst 335 =============
Route:
1  6  28 24 25 26 14 1  
1  8  5  29 1  
1  13 2  16 20 11 1  
1  19 18 4  17 27 7  1  
1  22 12 21 15 1  
1  30 10 3  9  23 1  

Point Location:
74  202 105 36  26  121 36  78  81  113 150 10  163 159 59  207 31  35  38  204 40  32  84  183 209 183 24  136 49  131 
92  203 205 163 21  37  190 75  168 193 114 106 152 69  145 199 177 159 154 134 143 87  137 22  51  73  193 50  61  183 

Total Distance:   1578.791146
Execution Time:   35.78  sec
Absolute Gap:     0.000000
Relative Gap:     0.000000
============= inst 335 end=============

