============= inst 336 =============
Route:
1  3  4  5  9  25 24 1  
1  15 16 8  1  
1  19 27 13 1  
1  20 10 18 17 29 1  
1  22 7  11 2  26 28 1  
1  30 14 12 21 23 6  1  

Point Location:
100 208 132 122 149 79  215 93  209 175 208 112 30  125 142 145 176 180 44  127 29  178 74  166 204 215 19  185 151 114 
69  70  203 213 214 144 39  47  205 60  53  179 100 168 38  26  44  51  119 61  214 15  173 158 163 95  116 98  44  125 

Total Distance:   1642.265878
Execution Time:   28.42  sec
Absolute Gap:     0.000000
Relative Gap:     0.000000
============= inst 336 end=============

