============= inst 337 =============
Route:
1  5  19 3  17 28 7  1  
1  13 12 22 30 26 1  
1  14 6  29 2  10 21 1  
1  15 11 18 1  
1  20 8  16 1  
1  25 4  27 9  23 24 1  

Point Location:
68  61  134 153 108 31  142 106 218 80  55  22  13  41  54  86  195 40  128 137 91  37  190 162 158 60  208 152 51  47  
145 34  29  198 63  23  71  148 140 23  84  202 179 61  90  150 8   100 27  117 90  216 146 129 168 176 199 72  42  188 

Total Distance:   1591.520657
Execution Time:   77.31  sec
Absolute Gap:     0.000000
Relative Gap:     0.000000
============= inst 337 end=============

