============= inst 338 =============
Route:
1  5  18 25 24 26 12 1  
1  7  6  2  4  1  
1  13 30 16 11 3  1  
1  14 20 8  1  
1  21 19 29 22 28 1  
1  23 17 10 15 9  27 1  

Point Location:
109 10  149 32  42  41  81  102 185 200 168 11  203 128 196 194 169 44  104 138 106 111 152 14  26  7   181 137 98  205 
97  45  12  54  153 72  102 37  179 206 9   100 124 75  191 37  207 131 145 42  144 212 186 119 119 106 166 203 197 81  

Total Distance:   1553.156476
Execution Time:   9.84  sec
Absolute Gap:     0.000000
Relative Gap:     0.000000
============= inst 338 end=============

