============= inst 339 =============
Route:
1  7  19 8  27 12 1  
1  15 24 4  21 6  20 1  
1  16 26 13 1  
1  18 3  10 1  
1  22 11 5  25 14 2  1  
1  23 30 17 9  28 29 1  

Point Location:
55  165 55  185 187 166 92  79  38  60  178 64  42  214 151 20  107 21  88  139 197 172 129 152 217 39  75  32  26  129 
76  196 40  23  106 51  51  15  215 52  91  20  101 163 37  115 178 62  44  70  28  80  121 25  142 116 9   159 154 129 

Total Distance:   1520.796210
Execution Time:   61.88  sec
Absolute Gap:     0.000000
Relative Gap:     0.000000
============= inst 339 end=============

