============= inst 34 =============
Route:
1  2  9  23 21 1  
1  4  27 8  26 1  
1  7  30 15 14 10 13 1  
1  17 11 6  20 12 18 1  
1  24 29 22 1  
1  25 19 5  28 16 3  1  

Point Location:
68  35  149 49  191 166 95  7   38  65  191 134 75  67  99  198 203 114 140 159 12  128 16  96  106 11  20  202 120 84  
84  39  38  81  78  173 110 105 34  194 150 184 146 215 214 60  139 161 112 187 47  33  7   39  120 115 88  72  7   179 

Total Distance:   1536.461204
Execution Time:   99.75  sec
Absolute Gap:     0.000000
Relative Gap:     0.000000
============= inst 34 end=============

