============= inst 340 =============
Route:
1  8  27 9  20 15 10 1  
1  13 18 16 6  28 25 1  
1  14 24 11 1  
1  17 12 3  5  22 19 1  
1  21 4  2  1  
1  23 29 30 26 7  1  

Point Location:
56  12  177 19  194 86  49  71  28  52  77  142 136 73  23  114 123 163 205 8   41  201 24  82  65  48  82  67  26  33  
117 106 79  130 79  183 189 62  14  85  106 77  155 70  59  166 97  162 105 28  129 102 149 67  161 193 14  164 153 192 

Total Distance:   1307.081233
Execution Time:   6.56  sec
Absolute Gap:     0.000000
Relative Gap:     0.000000
============= inst 340 end=============

