============= inst 341 =============
Route:
1  3  18 11 26 22 2  1  
1  7  13 17 23 21 1  
1  8  15 6  24 19 5  1  
1  9  12 20 1  
1  27 14 30 25 10 4  1  
1  28 16 29 1  

Point Location:
128 90  87  85  161 188 147 143 131 76  56  130 170 51  164 106 215 88  215 116 159 61  211 203 41  22  50  122 106 67  
80  199 121 22  101 153 20  127 102 10  169 124 11  79  137 37  10  130 138 134 78  179 89  193 7   180 80  72  69  59  

Total Distance:   1460.695124
Execution Time:   85.33  sec
Absolute Gap:     0.000000
Relative Gap:     0.000000
============= inst 341 end=============

