============= inst 342 =============
Route:
1  5  20 24 1  
1  6  18 27 28 25 7  1  
1  17 13 30 10 3  23 1  
1  19 29 9  16 4  1  
1  21 14 22 1  
1  26 8  11 2  12 15 1  

Point Location:
145 60  92  181 198 214 121 15  202 75  17  57  22  134 110 194 51  149 210 185 132 134 111 148 88  61  116 108 211 25  
71  46  182 50  125 195 192 94  20  186 57  18  185 27  45  20  126 192 71  145 54  14  143 121 218 95  208 217 49  191 

Total Distance:   1672.211016
Execution Time:   72.78  sec
Absolute Gap:     0.000000
Relative Gap:     0.000000
============= inst 342 end=============

