============= inst 343 =============
Route:
1  6  28 16 11 12 17 1  
1  8  23 18 21 20 24 1  
1  13 15 7  30 26 1  
1  14 22 9  1  
1  19 2  25 4  29 10 1  
1  27 3  5  1  

Point Location:
155 54  134 11  158 117 162 119 190 72  8   47  200 196 185 61  51  80  98  133 87  211 75  129 38  142 136 79  12  161 
84  98  33  201 75  10  203 144 98  165 20  52  167 55  186 44  68  217 91  206 216 68  197 183 148 145 59  30  209 176 

Total Distance:   1663.688816
Execution Time:   46.59  sec
Absolute Gap:     0.000000
Relative Gap:     0.000000
============= inst 343 end=============

