============= inst 344 =============
Route:
1  4  13 24 3  15 1  
1  5  2  12 25 20 26 1  
1  8  17 27 16 14 1  
1  23 6  7  1  
1  28 19 18 11 1  
1  30 22 29 21 9  10 1  

Point Location:
74  217 7   47  155 61  73  69  129 97  119 201 15  97  30  55  41  105 80  169 176 141 61  7   187 150 11  77  169 116 
124 74  104 11  114 148 126 158 212 201 88  68  65  172 89  187 187 56  68  39  215 183 134 94  43  22  212 67  181 189 

Total Distance:   1502.552408
Execution Time:   58.23  sec
Absolute Gap:     0.000000
Relative Gap:     0.000000
============= inst 344 end=============

