============= inst 345 =============
Route:
1  2  27 26 1  
1  7  12 25 8  24 11 1  
1  14 21 16 10 1  
1  19 15 22 18 13 6  1  
1  20 28 9  4  29 17 1  
1  30 23 3  5  1  

Point Location:
145 120 210 82  179 150 58  9   31  119 101 57  174 124 217 110 90  175 214 67  101 193 175 8   14  122 118 56  86  147 
111 33  25  7   53  143 127 125 13  139 143 122 186 176 192 157 42  200 170 78  195 185 49  169 120 89  29  46  16  103 

Total Distance:   1525.808055
Execution Time:   62.47  sec
Absolute Gap:     0.000000
Relative Gap:     0.000000
============= inst 345 end=============

