============= inst 346 =============
Route:
1  10 18 7  29 5  4  1  
1  13 2  6  1  
1  15 21 22 24 12 1  
1  17 30 3  9  25 14 1  
1  27 19 11 1  
1  28 23 20 8  26 16 1  

Point Location:
114 119 12  139 145 133 205 21  37  193 111 134 114 75  142 14  19  196 89  34  175 178 57  107 34  9   93  52  173 8   
135 181 156 169 169 180 186 24  115 119 121 86  175 80  116 72  218 122 113 21  99  43  16  46  90  39  149 45  191 169 

Total Distance:   1494.012522
Execution Time:   42.86  sec
Absolute Gap:     0.000000
Relative Gap:     0.000000
============= inst 346 end=============

