============= inst 347 =============
Route:
1  5  18 4  1  
1  7  11 9  29 17 25 1  
1  12 8  13 14 22 21 1  
1  15 16 2  1  
1  23 28 20 19 26 1  
1  24 3  10 30 6  27 1  

Point Location:
96  106 200 71  106 185 45  87  21  192 26  117 117 120 112 124 47  94  50  45  147 135 14  215 58  63  174 14  25  174 
63  20  63  50  75  12  52  211 31  57  54  145 206 193 33  21  15  81  165 209 92  155 116 115 26  134 9   196 18  46  

Total Distance:   1497.261371
Execution Time:   30.72  sec
Absolute Gap:     0.000000
Relative Gap:     0.000000
============= inst 347 end=============

