============= inst 348 =============
Route:
1  2  15 16 20 12 1  
1  6  11 28 21 1  
1  7  3  23 19 10 18 1  
1  8  4  13 1  
1  14 30 5  17 27 9  1  
1  26 29 25 22 24 1  

Point Location:
129 186 26  160 103 111 44  180 175 75  70  167 142 91  203 215 150 107 30  212 105 148 15  141 157 111 166 82  127 113 
146 171 167 174 10  161 140 183 41  215 178 140 160 58  154 135 9   214 200 108 136 70  168 77  58  88  19  132 64  37  

Total Distance:   1410.571697
Execution Time:   59.80  sec
Absolute Gap:     0.000000
Relative Gap:     0.000000
============= inst 348 end=============

