============= inst 349 =============
Route:
1  5  9  28 17 4  3  1  
1  7  6  14 30 26 16 1  
1  12 11 22 1  
1  15 18 21 19 1  
1  24 27 29 13 8  10 1  
1  25 20 23 2  1  

Point Location:
153 60  36  13  118 128 119 48  103 51  108 160 15  140 174 212 9   199 202 59  211 116 58  54  103 212 34  41  8   147 
131 49  64  52  38  37  72  112 8   122 89  123 145 22  178 22  29  215 131 76  217 96  62  188 133 7   188 8   177 9   

Total Distance:   1765.521889
Execution Time:   107.16  sec
Absolute Gap:     0.000000
Relative Gap:     0.000000
============= inst 349 end=============

