============= inst 35 =============
Route:
1  4  17 24 7  1  
1  10 21 3  2  13 18 1  
1  14 5  9  28 12 30 1  
1  23 22 20 1  
1  26 25 27 11 1  
1  29 15 16 8  19 6  1  

Point Location:
105 102 58  177 181 187 106 212 185 23  57  180 93  142 208 211 169 128 201 112 42  76  69  125 21  21  42  207 178 157 
58  218 216 38  210 119 22  73  196 183 7   142 177 212 20  62  28  109 95  87  194 96  67  17  53  57  13  155 8   136 

Total Distance:   1693.435193
Execution Time:   50.11  sec
Absolute Gap:     0.000000
Relative Gap:     0.000000
============= inst 35 end=============

