============= inst 350 =============
Route:
1  2  16 4  1  
1  3  9  12 27 20 23 1  
1  15 11 13 1  
1  19 18 6  24 25 22 1  
1  28 29 21 17 8  26 1  
1  30 7  10 5  14 1  

Point Location:
122 91  68  117 102 199 16  82  51  46  50  31  80  139 51  100 72  197 190 23  94  199 26  203 193 70  8   218 130 65  
127 120 63  116 190 212 191 18  56  215 101 67  129 198 92  103 8   215 197 103 7   130 99  156 145 33  93  9   46  169 

Total Distance:   1621.795386
Execution Time:   101.81  sec
Absolute Gap:     0.000000
Relative Gap:     0.000000
============= inst 350 end=============

