============= inst 351 =============
Route:
1  3  2  4  1  
1  10 12 15 6  30 17 1  
1  14 8  7  1  
1  16 11 20 19 29 1  
1  22 5  27 21 13 9  1  
1  24 28 26 25 18 23 1  

Point Location:
112 97  103 107 144 107 113 137 162 107 174 117 217 145 120 171 92  12  189 191 204 134 49  62  29  26  158 55  174 74  
144 191 182 196 136 20  160 175 62  94  206 82  20  170 46  200 117 159 200 203 86  135 134 70  87  66  105 68  182 21  

Total Distance:   1388.899567
Execution Time:   80.27  sec
Absolute Gap:     0.000000
Relative Gap:     0.000000
============= inst 351 end=============

