============= inst 352 =============
Route:
1  8  23 18 6  13 24 1  
1  9  19 27 17 16 1  
1  12 20 29 1  
1  21 30 2  5  7  4  1  
1  25 14 15 11 3  22 1  
1  28 26 10 1  

Point Location:
120 174 13  151 191 217 175 144 64  67  27  132 200 85  67  54  18  197 49  158 162 55  152 168 81  59  54  59  161 177 
150 41  80  13  14  108 12  192 171 180 48  103 102 55  30  130 129 164 170 118 82  79  198 149 76  189 156 201 135 74  

Total Distance:   1536.191233
Execution Time:   13.84  sec
Absolute Gap:     0.000000
Relative Gap:     0.000000
============= inst 352 end=============

