============= inst 353 =============
Route:
1  4  9  14 6  15 7  1  
1  13 26 17 25 20 8  1  
1  16 11 3  18 19 1  
1  22 21 23 1  
1  27 24 2  12 29 30 1  
1  28 10 5  1  

Point Location:
114 189 8   131 186 38  78  51  114 178 11  211 80  131 69  34  7   45  64  33  163 178 120 198 26  26  133 171 188 181 
69  152 33  145 64  209 95  130 155 67  35  189 72  185 122 40  90  22  37  139 17  29  49  124 123 94  88  71  212 183 

Total Distance:   1586.180625
Execution Time:   98.42  sec
Absolute Gap:     0.000000
Relative Gap:     0.000000
============= inst 353 end=============

