============= inst 354 =============
Route:
1  4  2  3  11 10 1  
1  5  24 27 1  
1  8  7  18 30 16 14 1  
1  15 17 20 12 23 21 1  
1  22 29 13 28 9  6  1  
1  26 25 19 1  

Point Location:
99  43  10  43  169 35  175 160 25  22  11  104 33  166 143 178 111 215 90  112 85  60  72  178 75  111 211 8   61  199 
98  119 57  120 98  147 143 127 157 44  17  217 191 165 179 185 194 152 92  210 175 151 203 97  111 102 9   206 172 210 

Total Distance:   1631.533646
Execution Time:   9.58  sec
Absolute Gap:     0.000000
Relative Gap:     0.000000
============= inst 354 end=============

