============= inst 355 =============
Route:
1  4  23 28 11 30 25 1  
1  13 15 18 8  1  
1  14 17 24 26 6  2  1  
1  16 12 9  7  20 22 1  
1  27 19 10 1  
1  29 21 3  5  1  

Point Location:
116 188 143 40  126 207 215 93  208 133 79  213 102 67  90  215 32  91  159 159 151 116 23  128 87  174 162 16  128 75  
95  47  49  109 57  43  204 151 167 107 207 149 107 44  148 95  34  151 125 197 62  130 128 21  150 8   129 168 81  182 

Total Distance:   1488.538490
Execution Time:   108.30  sec
Absolute Gap:     0.000000
Relative Gap:     0.000000
============= inst 355 end=============

