============= inst 356 =============
Route:
1  16 6  10 5  14 25 1  
1  17 23 15 26 3  2  1  
1  18 27 12 7  1  
1  20 30 4  1  
1  21 19 9  28 1  
1  22 11 8  29 24 13 1  

Point Location:
105 29  20  50  62  110 169 216 81  87  212 177 112 41  19  111 41  174 60  46  72  192 26  141 40  25  168 120 157 32  
92  131 138 62  166 214 82  191 24  193 167 87  137 150 188 164 187 110 26  96  60  135 189 156 145 173 95  30  177 79  

Total Distance:   1465.668186
Execution Time:   30.52  sec
Absolute Gap:     0.000000
Relative Gap:     0.000000
============= inst 356 end=============

