============= inst 357 =============
Route:
1  8  14 2  1  
1  16 9  5  25 4  1  
1  18 6  17 12 22 15 1  
1  20 19 13 11 26 10 1  
1  24 7  3  23 27 30 1  
1  28 21 29 1  

Point Location:
91  21  170 92  111 98  151 38  137 144 203 20  208 17  43  119 36  61  195 159 91  15  213 152 101 179 200 50  130 209 
65  82  206 125 140 181 196 91  103 108 91  185 79  101 114 80  215 150 47  59  27  143 213 150 122 132 155 31  27  139 

Total Distance:   1696.952313
Execution Time:   30.02  sec
Absolute Gap:     0.000000
Relative Gap:     0.000000
============= inst 357 end=============

