============= inst 358 =============
Route:
1  7  20 17 21 18 3  1  
1  11 2  8  1  
1  24 19 13 4  28 10 1  
1  25 15 29 12 22 1  
1  27 26 16 1  
1  30 9  5  6  14 23 1  

Point Location:
91  76  116 120 213 217 177 56  207 14  97  90  132 206 123 62  145 122 168 151 115 97  186 164 118 33  30  98  104 185 
142 198 172 48  151 157 167 175 149 32  158 86  55  171 100 159 213 187 71  207 206 104 172 99  122 146 121 15  59  143 

Total Distance:   1431.229224
Execution Time:   72.97  sec
Absolute Gap:     0.000000
Relative Gap:     0.000000
============= inst 358 end=============

