============= inst 359 =============
Route:
1  6  21 12 1  
1  16 8  30 4  2  10 1  
1  19 13 9  26 11 1  
1  22 27 5  24 7  15 1  
1  23 14 20 17 28 3  1  
1  25 29 18 1  

Point Location:
124 188 98  208 137 140 189 201 44  180 103 212 8   26  196 190 92  75  56  57  209 138 19  156 63  35  144 105 58  207 
114 102 172 110 32  177 46  100 107 113 139 203 8   215 48  82  215 109 42  210 214 71  148 39  97  122 53  207 105 106 

Total Distance:   1605.244593
Execution Time:   6.20  sec
Absolute Gap:     0.000000
Relative Gap:     0.000000
============= inst 359 end=============

