============= inst 36 =============
Route:
1  3  11 24 8  18 10 1  
1  4  16 2  1  
1  12 26 22 17 27 28 1  
1  20 13 15 9  1  
1  21 23 14 30 25 6  1  
1  29 7  5  19 1  

Point Location:
59  93  145 74  28  120 41  194 148 186 168 178 141 157 152 75  119 192 18  113 98  198 140 215 131 185 106 122 44  141 
120 211 108 175 26  193 7   115 150 126 108 74  134 200 151 207 28  115 30  122 153 38  171 91  197 72  19  53  24  208 

Total Distance:   1654.130103
Execution Time:   16.00  sec
Absolute Gap:     0.000000
Relative Gap:     0.000000
============= inst 36 end=============

