============= inst 360 =============
Route:
1  5  2  17 16 21 12 1  
1  6  14 27 4  24 11 1  
1  9  10 25 3  19 20 1  
1  13 28 30 1  
1  22 29 23 8  7  1  
1  26 15 18 1  

Point Location:
134 68  182 23  71  36  85  87  210 193 49  25  104 32  178 37  56  156 172 152 32  148 116 17  199 196 31  97  135 87  
120 171 212 60  171 35  73  51  162 187 112 148 98  54  70  217 180 73  205 155 189 30  55  107 201 134 60  100 41  131 

Total Distance:   1489.998268
Execution Time:   44.52  sec
Absolute Gap:     0.000000
Relative Gap:     0.000000
============= inst 360 end=============

