============= inst 361 =============
Route:
1  11 22 4  2  1  
1  14 8  10 15 3  13 1  
1  17 27 5  25 30 20 1  
1  19 24 9  1  
1  28 12 18 16 23 21 1  
1  29 26 7  6  1  

Point Location:
134 187 90  161 13  121 119 22  215 13  149 93  82  61  69  65  59  71  164 54  115 137 62  200 23  111 13  120 85  44  
127 58  21  49  184 160 168 75  159 52  69  74  48  64  20  96  186 81  203 148 126 43  110 207 151 191 213 98  173 133 

Total Distance:   1556.833494
Execution Time:   30.41  sec
Absolute Gap:     0.000000
Relative Gap:     0.000000
============= inst 361 end=============

