============= inst 362 =============
Route:
1  6  28 27 29 19 9  1  
1  8  24 20 14 1  
1  12 4  11 26 5  23 1  
1  13 3  30 22 2  7  1  
1  15 10 16 1  
1  25 17 18 21 1  

Point Location:
145 19  82  104 78  15  91  186 103 176 87  125 92  164 174 145 216 215 101 214 186 14  96  210 178 70  54  44  89  59  
112 93  175 126 141 34  96  94  56  78  135 113 180 57  83  104 164 147 29  28  147 151 148 105 207 140 12  10  18  170 

Total Distance:   1491.562936
Execution Time:   7.55  sec
Absolute Gap:     0.000000
Relative Gap:     0.000000
============= inst 362 end=============

