============= inst 363 =============
Route:
1  2  14 11 1  
1  4  15 12 1  
1  13 27 30 21 22 24 1  
1  20 3  10 8  6  17 1  
1  25 5  19 29 26 1  
1  28 18 7  16 23 9  1  

Point Location:
131 95  180 180 101 215 126 205 71  186 114 215 77  95  188 109 217 136 72  158 41  51  41  74  139 20  50  144 57  42  
62  62  165 33  103 132 185 190 159 186 36  35  62  61  35  190 130 206 112 158 20  16  204 8   89  106 67  187 103 49  

Total Distance:   1556.958364
Execution Time:   44.22  sec
Absolute Gap:     0.000000
Relative Gap:     0.000000
============= inst 363 end=============

