============= inst 364 =============
Route:
1  4  22 15 1  
1  10 3  12 14 8  9  1  
1  17 27 25 2  19 1  
1  21 20 29 1  
1  28 11 7  6  26 18 1  
1  30 13 24 23 5  16 1  

Point Location:
99  7   187 106 161 126 13  192 183 158 21  206 173 208 86  128 11  109 49  84  84  120 169 195 11  131 10  16  87  150 
136 205 209 179 94  23  7   121 116 189 82  186 102 167 183 109 126 58  203 106 143 204 80  82  167 35  125 85  102 105 

Total Distance:   1507.176596
Execution Time:   3.44  sec
Absolute Gap:     0.000000
Relative Gap:     0.000000
============= inst 364 end=============

