============= inst 365 =============
Route:
1  2  8  14 20 11 5  1  
1  3  7  25 28 1  
1  17 23 26 12 1  
1  19 18 10 29 4  9  1  
1  24 16 6  22 15 30 1  
1  27 21 13 1  

Point Location:
154 157 190 80  69  53  200 82  111 54  44  178 124 61  55  62  138 25  73  65  107 20  172 66  205 201 128 214 62  86  
123 213 147 26  172 121 164 216 45  29  172 50  131 191 143 120 53  70  84  182 182 128 8   98  144 18  158 128 27  126 

Total Distance:   1591.535323
Execution Time:   18.44  sec
Absolute Gap:     0.000000
Relative Gap:     0.000000
============= inst 365 end=============

