============= inst 366 =============
Route:
1  7  2  18 25 5  9  1  
1  17 20 15 6  1  
1  19 3  13 27 12 28 1  
1  22 21 14 16 1  
1  29 26 11 10 8  4  1  
1  30 24 23 1  

Point Location:
120 195 29  60  195 61  187 56  159 39  22  129 80  205 15  195 77  216 60  14  191 135 108 90  210 13  87  155 51  120 
158 83  8   142 33  171 120 132 32  136 110 87  9   189 195 166 176 35  65  205 218 208 112 140 10  85  8   122 96  172 

Total Distance:   1704.369054
Execution Time:   82.28  sec
Absolute Gap:     0.000000
Relative Gap:     0.000000
============= inst 366 end=============

