============= inst 367 =============
Route:
1  13 4  5  10 12 1  
1  16 18 17 27 6  28 1  
1  19 11 23 1  
1  20 2  14 21 3  7  1  
1  22 29 25 1  
1  30 8  15 9  26 24 1  

Point Location:
73  38  38  120 126 170 50  138 105 137 8   109 79  33  108 99  150 147 35  54  35  120 18  61  101 49  194 128 135 118 
140 68  75  176 172 143 102 9   32  167 100 157 210 61  30  89  59  56  117 87  66  120 142 49  105 29  82  148 106 46  

Total Distance:   1406.413871
Execution Time:   22.73  sec
Absolute Gap:     0.000000
Relative Gap:     0.000000
============= inst 367 end=============

