============= inst 368 =============
Route:
1  5  23 26 28 30 11 1  
1  6  2  20 29 14 19 1  
1  21 17 13 1  
1  22 3  12 25 4  10 1  
1  24 18 7  8  16 1  
1  27 9  15 1  

Point Location:
124 118 88  13  206 125 28  54  168 18  144 42  116 66  144 89  94  21  87  118 103 132 212 26  19  190 154 186 134 174 
128 197 34  83  159 159 157 174 111 84  173 25  95  218 130 168 86  123 199 199 102 17  165 118 55  176 75  178 218 191 

Total Distance:   1411.414925
Execution Time:   14.69  sec
Absolute Gap:     0.000000
Relative Gap:     0.000000
============= inst 368 end=============

