============= inst 369 =============
Route:
1  2  14 30 1  
1  7  16 10 23 19 5  1  
1  15 17 3  29 22 1  
1  18 4  27 11 8  20 1  
1  21 13 26 12 28 24 1  
1  25 6  9  1  

Point Location:
84  20  39  204 78  77  108 154 81  59  188 194 191 43  54  99  16  139 26  129 146 117 21  192 76  208 199 209 58  51  
113 120 16  15  168 106 151 133 119 209 92  178 218 139 60  192 18  49  203 102 172 62  216 134 96  205 84  131 44  133 

Total Distance:   1548.113731
Execution Time:   48.17  sec
Absolute Gap:     0.000000
Relative Gap:     0.000000
============= inst 369 end=============

