============= inst 37 =============
Route:
1  12 5  11 3  10 26 1  
1  14 30 19 1  
1  18 9  25 1  
1  20 7  24 16 17 13 1  
1  23 22 6  27 4  21 1  
1  28 15 8  2  29 1  

Point Location:
85  31  9   52  9   143 116 59  48  26  10  8   134 108 72  164 184 62  116 101 79  184 215 139 45  33  129 76  63  123 
98  150 18  14  67  23  197 186 90  42  45  95  161 93  208 200 208 80  68  194 51  34  117 198 92  52  23  204 134 87  

Total Distance:   1497.710568
Execution Time:   50.05  sec
Absolute Gap:     0.000000
Relative Gap:     0.000000
============= inst 37 end=============

