============= inst 370 =============
Route:
1  4  20 3  1  
1  10 9  6  1  
1  13 28 22 24 7  8  1  
1  15 16 14 18 26 1  
1  17 5  2  27 29 12 1  
1  19 11 30 23 21 25 1  

Point Location:
130 125 81  48  123 176 85  108 195 182 191 207 66  17  40  33  153 10  177 59  199 63  208 81  175 26  148 64  177 194 
148 11  159 98  45  169 40  90  193 197 111 81  79  172 200 199 87  166 101 154 165 39  148 37  149 147 11  71  33  131 

Total Distance:   1535.082924
Execution Time:   112.09  sec
Absolute Gap:     0.000000
Relative Gap:     0.000000
============= inst 370 end=============

