============= inst 371 =============
Route:
1  7  26 28 17 19 1  
1  10 9  30 23 25 13 1  
1  20 5  15 1  
1  21 6  11 3  2  14 1  
1  24 27 22 16 12 18 1  
1  29 4  8  1  

Point Location:
157 174 137 206 109 122 106 152 42  68  126 91  30  186 108 88  53  128 106 114 114 75  30  73  20  36  60  37  194 31  
104 185 204 47  60  180 96  69  194 191 180 16  151 184 62  22  134 14  120 54  150 11  186 52  168 57  22  98  132 212 

Total Distance:   1628.931339
Execution Time:   36.64  sec
Absolute Gap:     0.000000
Relative Gap:     0.000000
============= inst 371 end=============

