============= inst 372 =============
Route:
1  4  28 27 1  
1  5  3  8  23 11 30 1  
1  15 16 25 10 1  
1  17 22 18 9  20 13 1  
1  19 24 29 2  1  
1  26 14 7  21 6  12 1  

Point Location:
138 164 128 75  129 17  38  122 190 42  99  50  155 60  24  26  216 215 194 168 32  199 99  182 26  69  79  61  169 116 
106 66  155 87  151 95  8   207 183 191 189 117 145 32  157 173 110 195 39  167 47  153 211 22  199 25  114 82  56  170 

Total Distance:   1595.116202
Execution Time:   21.38  sec
Absolute Gap:     0.000000
Relative Gap:     0.000000
============= inst 372 end=============

