============= inst 373 =============
Route:
1  8  9  27 1  
1  11 29 16 12 1  
1  15 5  13 17 1  
1  19 30 6  4  18 20 1  
1  21 14 2  3  28 7  1  
1  22 23 24 25 26 10 1  

Point Location:
118 68  26  126 79  168 23  121 151 168 97  59  47  74  91  77  61  131 144 107 70  139 195 192 183 173 119 9   90  193 
142 30  47  10  108 54  118 151 164 180 202 188 118 44  122 196 123 73  127 111 54  218 217 183 170 178 142 36  200 64  

Total Distance:   1398.874812
Execution Time:   110.67  sec
Absolute Gap:     0.000000
Relative Gap:     0.000000
============= inst 373 end=============

