============= inst 374 =============
Route:
1  10 6  5  27 12 20 1  
1  11 24 15 1  
1  17 21 13 25 2  28 1  
1  18 8  9  1  
1  23 16 29 4  14 26 1  
1  30 3  7  22 19 1  

Point Location:
93  26  29  210 203 187 10  109 126 157 73  143 96  141 58  168 108 79  35  141 104 14  115 7   10  132 157 56  170 58  
148 37  118 51  114 113 119 179 171 135 204 145 25  22  175 96  56  166 126 147 37  138 122 204 7   24  144 104 81  111 

Total Distance:   1538.703509
Execution Time:   93.52  sec
Absolute Gap:     0.000000
Relative Gap:     0.000000
============= inst 374 end=============

