============= inst 375 =============
Route:
1  3  30 9  15 28 23 1  
1  8  13 10 1  
1  11 4  12 6  2  7  1  
1  17 14 19 1  
1  24 5  29 21 25 20 1  
1  26 18 16 27 22 1  

Point Location:
103 212 23  194 50  211 203 89  13  145 174 209 124 145 54  113 139 80  130 39  23  131 83  52  21  108 160 59  46  17  
55  99  100 164 52  136 77  30  180 22  139 171 9   60  214 149 71  128 60  19  47  89  202 50  19  84  184 216 49  159 

Total Distance:   1530.341592
Execution Time:   69.28  sec
Absolute Gap:     0.000000
Relative Gap:     0.000000
============= inst 375 end=============

