============= inst 376 =============
Route:
1  6  16 20 13 12 15 1  
1  11 3  4  7  23 1  
1  14 21 2  25 29 1  
1  17 8  9  19 1  
1  24 10 27 5  26 28 1  
1  30 22 18 1  

Point Location:
106 213 25  22  215 149 31  12  45  184 44  77  91  148 97  132 48  86  90  115 180 25  50  167 192 195 207 177 193 37  
124 96  40  39  212 46  70  161 210 140 51  34  14  81  46  12  147 111 183 19  78  93  73  126 103 166 153 159 109 106 

Total Distance:   1558.534050
Execution Time:   0.77  sec
Absolute Gap:     0.000000
Relative Gap:     0.000000
============= inst 376 end=============

