============= inst 377 =============
Route:
1  2  30 9  26 18 19 1  
1  5  25 22 3  27 14 1  
1  6  4  13 1  
1  10 24 8  29 7  21 1  
1  11 16 23 1  
1  20 15 28 12 17 1  

Point Location:
113 87  200 144 186 143 39  31  73  78  161 166 102 163 180 210 140 17  29  169 73  197 181 49  193 59  178 203 43  86  
144 107 29  153 66  146 183 136 20  127 209 79  181 23  126 208 113 80  113 119 203 58  145 130 58  45  17  118 146 76  

Total Distance:   1544.838186
Execution Time:   32.03  sec
Absolute Gap:     0.000000
Relative Gap:     0.000000
============= inst 377 end=============

