============= inst 378 =============
Route:
1  2  7  26 25 29 1  
1  8  6  14 1  
1  12 3  17 20 4  13 1  
1  19 18 28 1  
1  21 22 23 16 15 9  1  
1  27 30 11 10 24 5  1  

Point Location:
55  42  16  42  129 92  41  85  134 211 217 21  56  65  178 213 7   107 107 34  84  109 177 151 11  35  142 94  22  190 
154 190 77  81  143 126 203 131 94  117 193 104 99  132 22  14  69  167 169 26  71  50  9   144 156 172 186 150 152 179 

Total Distance:   1521.876149
Execution Time:   9.97  sec
Absolute Gap:     0.000000
Relative Gap:     0.000000
============= inst 378 end=============

