============= inst 379 =============
Route:
1  5  27 10 2  6  28 1  
1  7  25 3  9  29 16 1  
1  14 11 4  12 1  
1  19 24 20 1  
1  21 13 8  23 1  
1  26 15 17 30 18 22 1  

Point Location:
101 193 7   180 182 191 65  25  7   205 162 181 36  155 155 85  127 85  138 154 85  87  81  170 30  148 199 175 50  126 
78  121 134 38  63  148 122 74  186 89  53  25  32  64  183 147 206 208 98  116 19  191 75  111 134 133 71  158 171 216 

Total Distance:   1570.077853
Execution Time:   5.86  sec
Absolute Gap:     0.000000
Relative Gap:     0.000000
============= inst 379 end=============

