============= inst 38 =============
Route:
1  13 21 9  18 3  12 1  
1  15 11 26 28 4  19 1  
1  17 30 8  16 1  
1  20 6  2  14 1  
1  22 7  10 1  
1  23 29 5  25 24 27 1  

Point Location:
153 174 77  147 50  210 157 42  100 141 204 119 139 151 202 39  93  73  154 195 111 177 76  123 89  197 150 182 30  66  
99  52  14  169 205 62  127 83  12  113 182 61  16  59  147 76  146 9   159 89  14  93  158 202 215 215 197 190 176 124 

Total Distance:   1496.247966
Execution Time:   68.84  sec
Absolute Gap:     0.000000
Relative Gap:     0.000000
============= inst 38 end=============

