============= inst 380 =============
Route:
1  16 24 3  1  
1  22 5  14 1  
1  25 20 27 21 6  1  
1  26 18 10 28 9  19 1  
1  29 4  11 13 23 8  1  
1  30 12 2  15 7  17 1  

Point Location:
87  199 48  124 41  52  146 210 165 215 136 130 174 81  173 69  123 201 141 30  43  43  175 64  22  183 33  182 131 112 
88  29  109 191 26  153 34  156 104 115 193 14  188 28  35  148 65  95  97  177 157 33  169 118 164 81  218 117 172 13  

Total Distance:   1578.509712
Execution Time:   4.83  sec
Absolute Gap:     0.000000
Relative Gap:     0.000000
============= inst 380 end=============

