============= inst 381 =============
Route:
1  2  3  25 1  
1  8  29 24 13 9  1  
1  11 10 6  12 26 4  1  
1  20 30 22 18 28 17 1  
1  21 5  15 19 23 16 1  
1  27 14 7  1  

Point Location:
92  45  21  21  198 97  95  121 179 111 91  79  197 64  156 104 136 200 145 145 209 217 145 156 53  47  67  143 137 191 
66  56  62  128 205 206 39  40  57  176 114 213 27  76  218 111 105 103 215 78  151 85  173 18  30  165 75  110 24  91  

Total Distance:   1581.371907
Execution Time:   33.28  sec
Absolute Gap:     0.000000
Relative Gap:     0.000000
============= inst 381 end=============

