============= inst 382 =============
Route:
1  4  27 13 7  14 29 1  
1  17 12 9  30 1  
1  21 20 25 10 18 6  1  
1  22 3  15 1  
1  23 5  2  11 16 19 1  
1  24 26 28 8  1  

Point Location:
75  43  89  170 99  153 217 29  110 179 21  140 194 183 81  41  121 167 66  179 165 104 113 41  212 26  201 30  169 110 
96  208 50  145 180 185 65  15  102 213 158 111 122 68  42  146 114 209 140 194 186 81  167 96  195 54  129 36  28  100 

Total Distance:   1570.398152
Execution Time:   53.88  sec
Absolute Gap:     0.000000
Relative Gap:     0.000000
============= inst 382 end=============

