============= inst 383 =============
Route:
1  3  14 9  2  7  1  
1  4  25 28 12 17 22 1  
1  13 16 20 11 27 5  1  
1  15 10 29 24 30 21 1  
1  23 18 8  1  
1  26 6  19 1  

Point Location:
126 13  72  101 115 195 30  156 43  65  159 41  154 53  122 218 64  213 159 168 79  91  189 28  95  174 117 39  41  74  
93  79  88  116 204 13  121 114 90  8   214 197 161 94  16  187 177 116 52  208 36  143 93  12  123 68  206 168 12  40  

Total Distance:   1620.733012
Execution Time:   11.00  sec
Absolute Gap:     0.000000
Relative Gap:     0.000000
============= inst 383 end=============

