============= inst 384 =============
Route:
1  4  9  21 16 24 23 1  
1  14 2  27 1  
1  17 25 15 11 29 7  1  
1  18 19 6  20 28 26 1  
1  22 13 5  10 1  
1  30 3  8  12 1  

Point Location:
131 130 171 58  118 124 78  194 46  132 35  161 61  133 17  29  47  123 121 111 38  75  15  21  14  126 119 131 59  166 
122 171 184 51  97  32  153 195 39  101 217 125 117 172 194 30  141 77  53  7   8   116 81  61  182 64  169 26  156 188 

Total Distance:   1413.722264
Execution Time:   91.59  sec
Absolute Gap:     0.000000
Relative Gap:     0.000000
============= inst 384 end=============

