============= inst 385 =============
Route:
1  4  3  19 16 1  
1  12 26 20 24 11 9  1  
1  15 6  8  10 1  
1  21 23 13 1  
1  25 18 14 17 22 27 1  
1  28 7  2  29 30 5  1  

Point Location:
107 139 128 121 136 40  174 37  138 75  154 136 83  40  61  106 56  18  118 201 103 106 89  215 19  173 88  135 123 120 
72  195 47  50  162 40  172 13  96  39  114 44  92  205 68  37  200 202 44  15  88  168 114 112 146 40  157 127 183 175 

Total Distance:   1415.218331
Execution Time:   80.61  sec
Absolute Gap:     0.000000
Relative Gap:     0.000000
============= inst 385 end=============

