============= inst 386 =============
Route:
1  6  29 26 21 13 1  
1  12 4  9  11 27 1  
1  16 7  10 1  
1  19 5  18 24 22 1  
1  25 17 20 14 3  1  
1  30 2  15 28 23 8  1  

Point Location:
101 12  69  15  178 150 107 54  70  120 60  60  166 61  9   104 54  188 143 36  174 127 32  130 67  204 85  13  199 42  
81  96  114 13  53  152 152 114 11  157 27  53  120 138 98  121 199 22  44  171 141 37  139 26  171 174 66  128 203 79  

Total Distance:   1503.269552
Execution Time:   6.64  sec
Absolute Gap:     0.000000
Relative Gap:     0.000000
============= inst 386 end=============

