============= inst 387 =============
Route:
1  10 29 5  12 23 1  
1  11 9  20 28 8  3  1  
1  14 7  21 18 2  4  1  
1  15 19 27 1  
1  17 25 16 1  
1  30 26 24 6  22 13 1  

Point Location:
138 26  150 71  202 9   44  176 187 179 182 215 72  55  111 156 97  37  119 201 29  55  200 12  155 43  130 190 183 86  
69  138 108 116 40  110 185 147 90  35  91  51  74  183 121 40  35  167 141 155 213 94  56  41  36  34  135 211 44  19  

Total Distance:   1571.697726
Execution Time:   32.89  sec
Absolute Gap:     0.000000
Relative Gap:     0.000000
============= inst 387 end=============

