============= inst 388 =============
Route:
1  13 21 22 1  
1  14 2  11 9  3  12 1  
1  23 6  4  5  24 17 1  
1  25 29 20 15 1  
1  26 30 27 10 1  
1  28 8  18 7  19 16 1  

Point Location:
113 31  63  10  24  88  194 204 46  155 35  78  130 52  84  178 14  213 181 70  128 111 92  7   75  83  157 206 59  130 
128 211 164 8   65  32  35  87  159 168 200 148 99  216 56  55  95  48  36  61  67  94  50  78  113 202 203 97  93  218 

Total Distance:   1525.609685
Execution Time:   80.17  sec
Absolute Gap:     0.000000
Relative Gap:     0.000000
============= inst 388 end=============

