============= inst 389 =============
Route:
1  2  23 12 3  16 1  
1  6  5  30 28 4  25 1  
1  14 27 15 1  
1  17 24 22 13 8  11 1  
1  18 10 21 1  
1  26 9  29 20 7  19 1  

Point Location:
146 180 211 10  88  90  25  218 92  97  199 212 161 116 114 187 94  128 60  17  89  137 190 124 59  140 113 35  52  47  
147 167 125 157 122 125 76  211 31  149 193 163 205 105 66  108 194 164 79  20  142 205 170 197 156 29  76  126 54  123 

Total Distance:   1551.028658
Execution Time:   62.61  sec
Absolute Gap:     0.000000
Relative Gap:     0.000000
============= inst 389 end=============

