============= inst 39 =============
Route:
1  3  12 2  16 30 1  
1  6  21 22 13 1  
1  9  7  5  8  14 18 1  
1  11 17 20 25 29 1  
1  19 4  15 1  
1  27 24 10 26 23 28 1  

Point Location:
145 33  95  190 65  185 22  87  63  39  140 74  210 112 163 9   135 129 178 145 193 198 39  47  174 19  89  70  162 29  
119 172 175 60  22  139 12  20  34  102 149 188 112 17  73  143 173 68  112 180 133 120 77  94  175 79  105 84  151 127 

Total Distance:   1438.698227
Execution Time:   86.64  sec
Absolute Gap:     0.000000
Relative Gap:     0.000000
============= inst 39 end=============

