============= inst 390 =============
Route:
1  8  11 9  25 14 13 1  
1  12 27 2  30 24 15 1  
1  16 19 22 5  4  29 1  
1  17 7  18 10 1  
1  20 28 23 1  
1  26 3  21 6  1  

Point Location:
153 154 177 38  43  154 96  70  37  107 70  140 18  10  200 72  101 90  57  200 157 34  163 185 9   196 149 193 125 166 
126 209 11  25  48  12  131 191 197 134 199 163 153 167 174 179 145 124 115 119 7   74  87  194 211 61  199 85  91  197 

Total Distance:   1576.183353
Execution Time:   45.44  sec
Absolute Gap:     0.000000
Relative Gap:     0.000000
============= inst 390 end=============

