============= inst 391 =============
Route:
1  2  18 21 22 30 13 1  
1  4  29 10 1  
1  12 14 11 8  25 6  1  
1  16 19 15 23 7  1  
1  17 20 5  1  
1  26 27 3  28 9  24 1  

Point Location:
105 54  213 49  99  152 21  211 182 63  200 148 42  173 44  90  95  52  122 82  21  15  61  160 186 171 178 207 58  24  
131 214 200 140 217 53  90  77  150 150 85  103 153 80  37  84  174 207 24  197 177 164 67  153 27  215 197 186 144 151 

Total Distance:   1554.696715
Execution Time:   9.61  sec
Absolute Gap:     0.000000
Relative Gap:     0.000000
============= inst 391 end=============

