============= inst 392 =============
Route:
1  2  7  26 24 10 1  
1  11 9  8  5  21 16 1  
1  23 14 3  1  
1  25 27 6  1  
1  28 18 22 15 20 13 1  
1  29 17 12 4  30 19 1  

Point Location:
138 183 104 194 20  146 211 24  41  145 58  166 66  93  108 10  153 127 204 72  13  123 117 173 148 216 153 123 140 212 
83  74  33  159 176 59  60  213 212 31  213 180 136 66  162 13  165 206 118 147 127 191 69  9   97  56  101 120 132 155 

Total Distance:   1590.369615
Execution Time:   62.70  sec
Absolute Gap:     0.000000
Relative Gap:     0.000000
============= inst 392 end=============

