============= inst 393 =============
Route:
1  2  14 16 30 9  1  
1  5  3  23 28 12 21 1  
1  6  10 17 1  
1  19 22 13 24 7  11 1  
1  25 18 26 1  
1  29 27 4  20 8  15 1  

Point Location:
83  19  167 218 155 73  79  182 48  64  88  134 65  7   176 8   49  120 50  211 114 18  207 71  110 126 198 155 136 13  
124 120 173 47  113 167 18  67  101 153 30  208 32  90  80  68  137 168 61  92  200 18  202 18  168 119 9   198 20  71  

Total Distance:   1577.925779
Execution Time:   6.66  sec
Absolute Gap:     0.000000
Relative Gap:     0.000000
============= inst 393 end=============

