============= inst 394 =============
Route:
1  5  14 2  29 1  
1  7  3  13 15 20 1  
1  8  18 21 6  11 1  
1  19 28 17 30 10 25 1  
1  22 26 12 9  24 16 1  
1  23 4  27 1  

Point Location:
85  8   34  137 69  178 48  153 157 151 143 194 17  13  10  96  173 208 101 27  207 194 104 110 147 200 114 165 47  163 
120 35  119 136 103 73  112 125 196 44  87  175 114 50  174 189 16  92  29  213 74  149 116 216 58  168 147 15  7   34  

Total Distance:   1614.458467
Execution Time:   84.53  sec
Absolute Gap:     0.000000
Relative Gap:     0.000000
============= inst 394 end=============

