============= inst 395 =============
Route:
1  5  6  10 3  30 18 1  
1  12 20 25 11 22 1  
1  14 13 16 1  
1  21 23 8  1  
1  24 4  2  26 27 17 1  
1  28 29 15 9  7  19 1  

Point Location:
105 80  179 85  185 200 132 136 135 199 184 183 8   35  151 25  19  153 117 201 103 173 87  93  202 59  17  213 193 174 
149 34  100 7   141 144 43  202 40  130 151 198 145 125 12  168 90  102 55  176 200 158 217 41  163 44  63  62  14  88  

Total Distance:   1648.474088
Execution Time:   6.11  sec
Absolute Gap:     0.000000
Relative Gap:     0.000000
============= inst 395 end=============

