============= inst 396 =============
Route:
1  6  17 10 4  18 9  1  
1  16 12 29 1  
1  20 19 25 7  2  14 1  
1  23 28 15 13 1  
1  24 5  22 8  26 27 1  
1  30 3  21 11 1  

Point Location:
99  179 21  55  101 37  188 207 70  27  15  127 212 156 202 92  25  54  187 134 17  163 129 89  189 215 216 177 111 67  
110 103 203 11  11  48  108 19  54  12  105 164 169 112 199 158 34  21  86  77  125 30  210 28  86  8   49  183 152 159 

Total Distance:   1684.592122
Execution Time:   37.80  sec
Absolute Gap:     0.000000
Relative Gap:     0.000000
============= inst 396 end=============

