============= inst 397 =============
Route:
1  3  21 27 1  
1  4  19 15 9  12 1  
1  13 28 18 26 20 8  1  
1  16 29 14 24 23 1  
1  17 6  10 11 1  
1  22 30 5  25 2  7  1  

Point Location:
115 128 73  96  208 205 118 164 96  207 157 120 218 53  77  131 171 192 78  165 30  208 54  60  160 173 19  212 118 194 
110 202 75  42  193 101 187 39  19  79  80  19  58  207 23  128 106 19  30  23  85  143 143 156 218 22  106 15  146 156 

Total Distance:   1588.392401
Execution Time:   9.77  sec
Absolute Gap:     0.000000
Relative Gap:     0.000000
============= inst 397 end=============

