============= inst 398 =============
Route:
1  9  4  6  16 7  13 1  
1  12 18 30 1  
1  15 21 24 3  23 20 1  
1  17 28 11 22 14 8  1  
1  26 19 2  10 1  
1  29 25 5  27 1  

Point Location:
103 130 201 205 31  216 185 89  193 134 16  93  180 76  105 210 37  8   140 188 135 55  211 140 48  151 39  26  90  21  
120 54  199 53  169 79  112 65  39  68  21  126 122 10  189 94  55  99  38  130 217 25  132 213 197 64  144 34  160 99  

Total Distance:   1589.251277
Execution Time:   2.19  sec
Absolute Gap:     0.000000
Relative Gap:     0.000000
============= inst 398 end=============

