============= inst 399 =============
Route:
1  4  6  16 1  
1  5  8  10 9  26 23 1  
1  11 30 14 1  
1  17 25 27 28 21 1  
1  22 18 7  2  12 3  1  
1  24 29 15 19 13 20 1  

Point Location:
121 33  72  117 118 125 70  109 178 115 181 25  54  170 19  151 192 85  13  79  121 98  165 66  210 200 208 140 49  189 
160 14  93  137 101 141 60  38  7   8   78  94  188 138 159 161 170 69  217 212 201 99  74  138 155 35  215 217 168 81  

Total Distance:   1728.917536
Execution Time:   48.86  sec
Absolute Gap:     0.000000
Relative Gap:     0.000000
============= inst 399 end=============

