============= inst 4 =============
Route:
1  5  30 17 4  15 27 1  
1  16 6  13 12 23 10 1  
1  18 22 8  29 1  
1  19 21 3  14 2  1  
1  25 7  26 1  
1  28 24 11 20 9  1  

Point Location:
104 57  32  135 102 157 147 170 81  147 95  185 183 61  137 130 121 191 63  74  32  206 143 108 142 122 144 122 159 117 
92  53  29  30  20  217 102 84  168 140 170 204 213 47  36  154 26  118 119 189 109 90  149 164 117 80  38  131 62  16  

Total Distance:   1358.083851
Execution Time:   2.98  sec
Absolute Gap:     0.000000
Relative Gap:     0.000000
============= inst 4 end=============

