============= inst 40 =============
Route:
1  3  15 27 1  
1  13 4  19 10 25 22 1  
1  17 29 18 5  2  28 1  
1  21 8  11 12 20 30 1  
1  24 23 7  16 1  
1  26 9  14 6  1  

Point Location:
68  206 86  31  211 98  24  158 114 76  166 184 60  120 99  40  134 205 29  197 123 97  39  59  101 119 82  170 193 162 
135 93  142 34  112 72  129 207 97  14  204 203 82  62  173 115 126 152 26  191 206 27  186 199 9   118 144 88  144 168 

Total Distance:   1495.335425
Execution Time:   61.03  sec
Absolute Gap:     0.000000
Relative Gap:     0.000000
============= inst 40 end=============

