============= inst 400 =============
Route:
1  9  22 8  1  
1  10 15 19 7  28 12 1  
1  14 30 26 21 6  17 1  
1  20 23 4  13 3  2  1  
1  24 5  27 16 18 1  
1  29 25 11 1  

Point Location:
120 172 182 158 46  64  122 144 131 152 178 134 215 49  189 95  89  100 146 114 10  145 104 63  210 8   40  119 187 42  
90  51  51  24  119 18  175 112 84  138 100 155 18  47  197 125 57  124 210 57  9   99  13  122 135 86  186 163 125 62  

Total Distance:   1550.028779
Execution Time:   11.76  sec
Absolute Gap:     0.000000
Relative Gap:     0.000000
============= inst 400 end=============

