============= inst 401 =============
Route:
1  4  22 18 1  
1  5  3  15 1  
1  14 28 13 12 6  1  
1  24 17 27 19 7  21 1  
1  29 2  9  20 23 25 1  
1  30 16 8  26 10 11 1  

Point Location:
67  184 64  42  25  128 58  192 205 155 131 130 123 102 101 160 40  50  11  194 61  47  184 35  151 212 12  121 143 164 
139 198 203 131 199 154 11  43  101 15  37  154 132 112 163 70  80  152 14  101 89  157 101 88  139 13  82  101 172 75  

Total Distance:   1611.394027
Execution Time:   90.64  sec
Absolute Gap:     0.000000
Relative Gap:     0.000000
============= inst 401 end=============

