============= inst 402 =============
Route:
1  4  29 16 19 5  25 1  
1  6  2  23 21 22 8  1  
1  15 3  28 1  
1  17 14 11 12 7  1  
1  20 10 30 1  
1  27 9  24 13 26 18 1  

Point Location:
97  186 86  62  32  217 75  136 73  134 118 101 32  188 96  17  128 28  40  118 173 165 198 54  91  36  55  84  57  129 
119 77  55  100 22  102 138 46  210 97  195 160 218 195 64  70  170 152 36  68  8   54  58  209 16  180 177 71  81  97  

Total Distance:   1578.500478
Execution Time:   26.22  sec
Absolute Gap:     0.000000
Relative Gap:     0.000000
============= inst 402 end=============

