============= inst 403 =============
Route:
1  4  23 24 12 18 5  1  
1  11 2  10 1  
1  15 19 14 9  26 1  
1  16 3  8  13 29 27 1  
1  17 28 22 6  1  
1  30 25 20 21 7  1  

Point Location:
122 204 49  217 173 119 148 33  38  179 171 190 36  23  45  51  129 184 15  50  119 122 217 218 62  71  73  141 59  110 
107 15  91  137 146 50  173 65  112 37  84  212 61  104 146 96  76  184 118 211 213 30  142 185 179 107 57  30  52  169 

Total Distance:   1551.655248
Execution Time:   2.78  sec
Absolute Gap:     0.000000
Relative Gap:     0.000000
============= inst 403 end=============

