============= inst 404 =============
Route:
1  9  15 14 24 4  1  
1  10 20 30 1  
1  13 29 21 7  18 27 1  
1  16 5  22 3  19 26 1  
1  17 12 23 1  
1  28 6  2  8  11 25 1  

Point Location:
112 79  218 96  174 85  172 47  70  137 55  112 134 11  64  155 109 118 207 139 196 195 116 16  63  198 81  75  188 119 
78  218 40  23  45  210 201 205 92  60  193 54  101 85  88  47  61  209 84  7   214 31  70  16  128 83  139 155 195 42  

Total Distance:   1511.210609
Execution Time:   53.30  sec
Absolute Gap:     0.000000
Relative Gap:     0.000000
============= inst 404 end=============

