============= inst 405 =============
Route:
1  5  14 3  9  25 1  
1  8  27 21 2  7  30 1  
1  11 28 18 1  
1  20 4  26 6  15 1  
1  22 12 13 17 19 23 1  
1  29 16 24 10 1  

Point Location:
84  216 206 10  166 11  191 163 152 133 147 122 128 198 16  72  161 98  164 35  218 123 162 114 128 20  201 147 52  149 
137 25  117 174 162 128 32  78  122 86  153 209 217 167 124 26  207 147 185 213 43  202 184 67  114 150 59  156 34  22  

Total Distance:   1607.431360
Execution Time:   4.80  sec
Absolute Gap:     0.000000
Relative Gap:     0.000000
============= inst 405 end=============

