============= inst 406 =============
Route:
1  7  30 14 1  
1  10 20 23 5  16 29 1  
1  13 19 6  27 3  2  1  
1  21 17 9  15 28 25 1  
1  22 24 4  12 8  1  
1  26 18 11 1  

Point Location:
121 150 154 26  78  180 136 49  204 41  77  7   208 111 214 122 145 67  189 30  154 94  71  44  166 93  165 193 134 115 
142 58  26  202 32  42  186 152 202 141 122 190 82  153 147 41  212 109 58  110 191 179 74  205 143 115 36  139 32  185 

Total Distance:   1497.099910
Execution Time:   31.45  sec
Absolute Gap:     0.000000
Relative Gap:     0.000000
============= inst 406 end=============

