============= inst 407 =============
Route:
1  5  22 19 13 9  20 1  
1  14 29 2  30 4  21 1  
1  15 12 7  6  26 28 1  
1  16 18 3  25 11 1  
1  24 23 8  1  
1  27 17 10 1  

Point Location:
86  198 185 159 215 8   102 69  137 101 193 86  158 107 64  151 76  191 162 131 152 189 17  16  198 22  86  31  153 203 
90  128 66  103 194 192 203 82  188 19  22  191 190 143 143 81  21  75  210 179 107 213 54  50  36  132 66  125 140 117 

Total Distance:   1645.856102
Execution Time:   57.05  sec
Absolute Gap:     0.000000
Relative Gap:     0.000000
============= inst 407 end=============

