============= inst 408 =============
Route:
1  10 3  14 21 18 20 1  
1  11 8  5  4  30 1  
1  16 22 15 1  
1  19 7  23 25 12 28 1  
1  26 2  9  27 24 13 1  
1  29 17 6  1  

Point Location:
85  195 18  13  25  163 181 45  183 15  103 180 97  27  111 102 159 96  152 119 17  105 210 149 186 179 165 180 152 23  
96  173 83  157 174 95  7   189 215 102 182 50  107 48  66  56  91  15  46  40  23  65  23  158 42  131 186 58  92  157 

Total Distance:   1537.774474
Execution Time:   52.78  sec
Absolute Gap:     0.000000
Relative Gap:     0.000000
============= inst 408 end=============

