============= inst 409 =============
Route:
1  2  18 9  1  
1  12 23 25 21 15 17 1  
1  22 8  10 14 16 1  
1  24 26 3  1  
1  28 20 6  29 11 5  1  
1  30 19 27 7  4  13 1  

Point Location:
153 175 144 48  103 71  13  73  206 57  128 200 50  36  141 11  153 193 45  42  156 101 218 90  185 101 15  67  106 95  
142 182 179 92  51  32  103 209 166 216 9   119 107 208 50  199 84  216 135 42  29  217 62  181 58  179 137 72  11  140 

Total Distance:   1735.683860
Execution Time:   82.14  sec
Absolute Gap:     0.000000
Relative Gap:     0.000000
============= inst 409 end=============

