============= inst 41 =============
Route:
1  2  30 5  17 26 1  
1  4  20 21 19 28 1  
1  6  14 27 1  
1  10 18 7  13 1  
1  11 22 25 8  3  9  1  
1  15 16 12 24 29 23 1  

Point Location:
100 106 194 31  9   146 69  208 154 50  124 193 125 166 196 185 34  47  39  13  8   133 136 201 162 70  112 61  162 31  
130 178 164 78  165 106 25  182 152 63  212 45  70  94  57  48  156 45  117 69  105 203 52  7   199 151 116 117 28  218 

Total Distance:   1597.028214
Execution Time:   37.55  sec
Absolute Gap:     0.000000
Relative Gap:     0.000000
============= inst 41 end=============

