============= inst 410 =============
Route:
1  4  18 27 15 3  26 1  
1  6  5  28 1  
1  10 11 22 8  19 12 1  
1  16 25 30 24 1  
1  20 2  17 29 1  
1  21 7  9  14 23 13 1  

Point Location:
132 135 58  69  180 206 22  61  16  104 71  89  70  12  28  129 93  55  87  142 40  53  69  151 179 69  41  182 106 168 
133 194 177 183 177 150 122 108 73  109 99  126 61  30  211 21  218 205 122 187 134 98  19  73  7   166 209 212 181 24  

Total Distance:   1595.243373
Execution Time:   28.31  sec
Absolute Gap:     0.000000
Relative Gap:     0.000000
============= inst 410 end=============

