============= inst 411 =============
Route:
1  3  7  14 13 26 1  
1  4  10 24 25 12 9  1  
1  5  6  11 2  21 8  1  
1  17 22 15 28 27 23 1  
1  18 16 30 1  
1  29 20 19 1  

Point Location:
82  62  39  149 16  15  23  53  152 189 47  210 12  7   153 94  163 80  94  135 52  149 199 213 217 34  216 174 134 110 
154 19  148 217 76  23  162 68  105 211 7   117 198 199 16  107 35  140 195 169 30  18  69  186 152 205 69  8   158 70  

Total Distance:   1700.599249
Execution Time:   30.23  sec
Absolute Gap:     0.000000
Relative Gap:     0.000000
============= inst 411 end=============

