============= inst 412 =============
Route:
1  12 30 18 5  24 15 1  
1  14 8  28 6  1  
1  16 21 23 26 19 25 1  
1  17 7  22 3  11 4  1  
1  27 20 13 9  1  
1  29 2  10 1  

Point Location:
132 215 67  126 20  73  19  51  140 165 113 20  182 79  45  81  35  17  115 176 58  13  13  9   140 48  176 73  134 15  
132 215 16  28  142 73  48  67  77  159 21  113 23  103 157 160 61  122 214 83  183 27  218 164 209 215 83  66  167 109 

Total Distance:   1756.465744
Execution Time:   98.80  sec
Absolute Gap:     0.000000
Relative Gap:     0.000000
============= inst 412 end=============

