============= inst 413 =============
Route:
1  2  16 15 19 5  1  
1  6  13 14 23 3  29 1  
1  8  21 28 1  
1  9  25 20 26 1  
1  18 12 27 7  4  11 1  
1  24 30 22 10 17 1  

Point Location:
96  54  62  133 47  22  146 170 143 140 107 172 19  14  14  34  123 160 30  197 214 163 29  148 182 169 204 209 51  153 
96  45  203 172 137 186 199 76  130 24  164 183 193 204 69  31  59  169 115 154 65  21  205 39  150 120 211 89  186 27  

Total Distance:   1630.043057
Execution Time:   3.22  sec
Absolute Gap:     0.000000
Relative Gap:     0.000000
============= inst 413 end=============

