============= inst 414 =============
Route:
1  8  27 6  1  
1  14 25 21 29 17 1  
1  15 11 16 12 19 24 1  
1  18 10 4  5  7  1  
1  26 20 22 3  1  
1  28 23 30 13 2  9  1  

Point Location:
62  189 63  157 164 73  161 101 177 151 111 59  211 100 94  73  83  117 30  49  99  70  125 26  108 25  105 126 83  140 
93  144 138 198 212 98  213 117 128 169 15  18  96  70  43  13  59  141 27  163 59  147 73  59  54  120 110 69  52  90  

Total Distance:   1352.625849
Execution Time:   41.36  sec
Absolute Gap:     0.000000
Relative Gap:     0.000000
============= inst 414 end=============

