============= inst 415 =============
Route:
1  2  27 26 5  1  
1  10 23 20 4  1  
1  14 25 9  15 13 7  1  
1  16 12 8  22 30 19 1  
1  17 29 28 11 1  
1  24 21 3  18 6  1  

Point Location:
118 173 136 99  155 100 174 51  180 85  120 45  171 159 186 91  136 104 69  54  179 29  27  141 169 208 197 129 140 57  
75  104 180 80  67  132 53  178 20  30  37  148 31  22  33  109 48  152 200 77  194 192 27  109 9   106 109 9   31  214 

Total Distance:   1440.737045
Execution Time:   20.49  sec
Absolute Gap:     0.000000
Relative Gap:     0.000000
============= inst 415 end=============

