============= inst 416 =============
Route:
1  5  17 22 23 2  1  
1  7  4  16 9  18 3  1  
1  11 24 27 25 6  30 1  
1  12 15 10 28 1  
1  19 8  13 1  
1  20 29 26 21 14 1  

Point Location:
136 22  173 131 74  36  151 62  158 207 52  170 118 75  185 132 30  170 59  101 75  7   19  19  29  84  7   164 97  55  
147 163 49  33  217 43  52  119 21  73  111 86  127 87  90  14  189 24  135 28  82  206 175 78  8   51  45  170 26  88  

Total Distance:   1760.695453
Execution Time:   118.19  sec
Absolute Gap:     0.000000
Relative Gap:     0.000000
============= inst 416 end=============

