============= inst 417 =============
Route:
1  5  22 25 21 3  24 1  
1  6  26 20 18 28 1  
1  12 9  16 23 8  30 1  
1  15 29 2  11 10 4  1  
1  17 13 19 1  
1  27 14 7  1  

Point Location:
69  187 147 210 131 8   72  94  81  212 186 74  85  47  133 108 44  16  89  11  152 136 113 130 153 12  52  35  149 95  
154 31  141 172 198 146 89  87  53  84  84  87  165 88  38  25  159 117 166 121 141 173 33  133 148 133 104 107 39  99  

Total Distance:   1431.094609
Execution Time:   21.70  sec
Absolute Gap:     0.000000
Relative Gap:     0.000000
============= inst 417 end=============

