============= inst 418 =============
Route:
1  4  24 23 1  
1  6  29 30 1  
1  7  16 9  17 19 21 1  
1  14 25 26 22 20 1  
1  18 8  11 12 27 13 1  
1  28 15 3  5  2  10 1  

Point Location:
87  212 62  116 102 41  118 53  141 166 39  15  46  17  43  126 149 55  212 41  136 17  87  113 9   9   23  75  48  78  
69  175 211 85  191 54  20  144 17  145 142 144 123 49  174 24  44  128 63  69  67  80  51  73  51  87  134 140 53  47  

Total Distance:   1418.316493
Execution Time:   63.50  sec
Absolute Gap:     0.000000
Relative Gap:     0.000000
============= inst 418 end=============

