============= inst 419 =============
Route:
1  2  11 17 12 15 14 1  
1  5  22 4  23 13 28 1  
1  9  27 18 1  
1  21 8  20 19 6  24 1  
1  25 10 7  26 29 1  
1  30 16 3  1  

Point Location:
139 40  216 32  52  146 65  75  92  127 30  34  22  44  46  218 13  107 112 76  95  41  12  158 117 63  94  42  58  167 
103 108 68  167 162 20  216 15  171 213 95  72  135 35  45  184 75  108 16  12  25  163 177 49  201 197 130 151 183 167 

Total Distance:   1750.929881
Execution Time:   20.72  sec
Absolute Gap:     0.000000
Relative Gap:     0.000000
============= inst 419 end=============

