============= inst 42 =============
Route:
1  6  18 15 20 29 2  1  
1  12 30 23 1  
1  16 25 10 17 26 7  1  
1  19 3  27 4  5  22 1  
1  21 11 14 1  
1  24 9  8  28 13 1  

Point Location:
158 124 37  87  91  129 11  129 204 29  162 212 136 159 71  104 17  88  83  67  180 102 178 174 66  21  18  142 96  198 
95  39  121 205 147 90  61  186 207 86  21  45  129 46  68  104 80  74  104 57  12  146 40  177 93  76  165 165 43  31  

Total Distance:   1605.879773
Execution Time:   44.19  sec
Absolute Gap:     0.000000
Relative Gap:     0.000000
============= inst 42 end=============

