============= inst 420 =============
Route:
1  2  13 3  5  22 10 1  
1  14 23 26 24 21 15 1  
1  17 28 20 6  7  4  1  
1  18 9  25 30 8  1  
1  19 29 11 1  
1  27 16 12 1  

Point Location:
68  99  108 114 117 218 191 34  55  107 32  50  107 166 154 28  87  99  59  134 198 118 199 185 62  205 59  118 23  55  
105 193 212 91  198 18  72  188 188 130 57  126 211 133 207 127 45  150 108 31  200 174 121 164 202 148 111 38  57  213 

Total Distance:   1538.368517
Execution Time:   65.50  sec
Absolute Gap:     0.000000
Relative Gap:     0.000000
============= inst 420 end=============

