============= inst 421 =============
Route:
1  6  8  9  15 4  1  
1  11 10 26 14 1  
1  13 28 23 1  
1  19 21 24 12 22 7  1  
1  27 2  29 18 3  1  
1  30 25 16 5  17 20 1  

Point Location:
112 138 105 211 216 183 28  186 193 114 119 41  145 49  207 217 199 115 79  184 24  26  138 36  215 23  128 144 109 188 
101 20  46  87  165 51  88  48  68  192 132 52  109 157 64  167 121 32  34  112 12  54  82  41  167 182 29  80  8   139 

Total Distance:   1448.724466
Execution Time:   3.22  sec
Absolute Gap:     0.000000
Relative Gap:     0.000000
============= inst 421 end=============

