============= inst 422 =============
Route:
1  8  16 12 3  28 29 1  
1  9  22 6  2  11 1  
1  10 14 24 1  
1  13 23 5  18 1  
1  15 27 20 26 4  1  
1  19 21 25 30 17 7  1  

Point Location:
111 34  190 47  29  52  161 191 84  128 60  193 16  133 58  188 171 88  126 25  132 87  18  94  114 30  40  184 173 90  
97  179 161 121 12  180 173 114 137 105 136 152 59  119 100 135 214 50  156 94  164 148 45  109 188 106 95  148 136 217 

Total Distance:   1385.661661
Execution Time:   12.38  sec
Absolute Gap:     0.000000
Relative Gap:     0.000000
============= inst 422 end=============

