============= inst 423 =============
Route:
1  5  21 22 11 1  
1  6  30 4  1  
1  10 7  15 2  17 18 1  
1  12 20 8  9  25 14 1  
1  27 26 28 3  16 13 1  
1  29 19 23 24 1  

Point Location:
85  188 175 46  82  28  205 22  84  179 23  67  157 135 216 161 159 148 133 54  45  16  138 111 135 196 191 203 92  27  
157 204 44  131 209 142 193 11  24  163 180 65  42  29  213 15  194 210 81  63  210 194 96  143 20  96  101 33  91  128 

Total Distance:   1714.230452
Execution Time:   37.33  sec
Absolute Gap:     0.000000
Relative Gap:     0.000000
============= inst 423 end=============

