============= inst 424 =============
Route:
1  6  7  5  1  
1  8  2  9  1  
1  14 30 21 12 29 3  1  
1  23 4  20 10 22 18 1  
1  24 17 25 26 19 13 1  
1  27 16 15 28 11 1  

Point Location:
135 171 179 72  137 102 135 141 165 16  103 210 92  110 95  100 203 72  125 23  208 32  86  202 206 158 110 82  202 133 
125 133 68  113 104 115 106 126 147 105 85  42  202 49  65  57  173 126 209 85  18  139 105 165 198 185 77  70  55  10  

Total Distance:   1310.343930
Execution Time:   4.45  sec
Absolute Gap:     0.000000
Relative Gap:     0.000000
============= inst 424 end=============

