============= inst 425 =============
Route:
1  4  2  3  25 29 7  1  
1  14 28 10 13 22 1  
1  15 26 18 17 8  27 1  
1  16 11 6  1  
1  19 30 5  12 24 23 1  
1  21 9  20 1  

Point Location:
153 161 65  197 28  208 69  70  113 190 214 53  218 150 68  203 13  26  41  118 125 217 89  75  39  39  82  157 54  36  
128 203 217 165 142 125 197 11  82  37  98  142 7   114 88  101 33  60  112 64  108 52  141 143 218 64  18  65  205 124 

Total Distance:   1629.935109
Execution Time:   29.56  sec
Absolute Gap:     0.000000
Relative Gap:     0.000000
============= inst 425 end=============

