============= inst 426 =============
Route:
1  2  22 23 1  
1  8  20 14 16 24 5  1  
1  9  30 17 21 28 10 1  
1  19 4  3  29 1  
1  25 15 11 13 27 7  1  
1  26 18 6  12 1  

Point Location:
115 130 71  58  158 170 174 161 17  67  144 124 156 208 92  192 21  177 78  171 20  128 123 176 87  120 208 32  83  37  
131 122 78  69  127 177 91  152 199 31  31  140 32  154 28  111 93  197 116 149 51  119 116 124 36  194 33  42  95  112 

Total Distance:   1460.357872
Execution Time:   109.72  sec
Absolute Gap:     0.000000
Relative Gap:     0.000000
============= inst 426 end=============

