============= inst 427 =============
Route:
1  7  14 23 13 17 1  
1  9  28 26 2  1  
1  11 29 21 22 27 15 1  
1  12 4  6  1  
1  19 8  30 24 18 1  
1  25 10 16 3  5  20 1  

Point Location:
127 207 168 126 185 110 87  24  133 128 49  138 77  78  90  140 100 48  60  174 26  18  81  25  115 181 54  133 25  15  
106 103 209 178 207 182 53  206 69  202 72  166 80  53  7   218 95  145 162 164 65  38  60  123 208 93  25  65  78  126 

Total Distance:   1530.204806
Execution Time:   13.78  sec
Absolute Gap:     0.000000
Relative Gap:     0.000000
============= inst 427 end=============

