============= inst 428 =============
Route:
1  4  17 2  1  
1  9  15 11 22 1  
1  20 18 6  27 3  5  1  
1  21 14 19 28 1  
1  23 24 12 16 7  26 1  
1  30 29 13 8  25 10 1  

Point Location:
137 196 43  177 22  14  146 71  144 100 128 78  63  196 136 95  210 68  196 87  202 131 81  69  79  141 37  172 66  69  
90  74  56  57  86  23  176 55  47  62  23  166 53  138 24  174 10  37  125 49  149 60  94  135 55  121 42  104 62  64  

Total Distance:   1360.325832
Execution Time:   10.01  sec
Absolute Gap:     0.000000
Relative Gap:     0.000000
============= inst 428 end=============

