============= inst 429 =============
Route:
1  8  25 19 21 24 22 1  
1  9  27 13 2  14 1  
1  11 30 5  20 7  1  
1  12 4  18 1  
1  17 16 10 6  26 15 1  
1  23 3  28 29 1  

Point Location:
103 189 166 107 14  189 105 113 170 189 28  119 218 157 158 151 134 100 37  82  51  50  155 45  107 183 188 199 167 23  
150 158 201 121 216 33  196 12  100 9   152 144 122 155 55  39  40  121 23  204 38  111 190 73  14  59  87  199 187 160 

Total Distance:   1607.558518
Execution Time:   21.75  sec
Absolute Gap:     0.000000
Relative Gap:     0.000000
============= inst 429 end=============

