============= inst 43 =============
Route:
1  2  21 14 8  3  7  1  
1  4  24 17 12 29 6  1  
1  9  13 16 30 1  
1  18 27 25 1  
1  23 10 11 15 1  
1  26 20 19 5  28 22 1  

Point Location:
57  172 137 37  158 92  105 156 92  10  22  132 101 203 27  86  122 30  198 141 198 140 10  74  30  140 19  149 108 71  
116 156 179 73  72  80  148 189 168 192 191 43  187 210 170 192 21  144 75  142 193 86  169 42  117 140 158 71  62  201 

Total Distance:   1487.130267
Execution Time:   9.55  sec
Absolute Gap:     0.000000
Relative Gap:     0.000000
============= inst 43 end=============

