============= inst 430 =============
Route:
1  2  8  29 20 6  1  
1  11 9  10 3  17 30 1  
1  13 15 28 26 5  1  
1  18 23 16 1  
1  21 19 14 27 1  
1  24 22 25 4  7  12 1  

Point Location:
135 118 53  210 46  87  194 95  76  67  84  172 70  200 61  129 25  116 210 48  188 125 106 113 187 27  163 42  44  77  
82  10  148 111 95  52  114 27  125 130 115 96  105 41  107 91  218 52  75  66  63  148 61  133 154 98  14  116 48  139 

Total Distance:   1467.758557
Execution Time:   116.66  sec
Absolute Gap:     0.000000
Relative Gap:     0.000000
============= inst 430 end=============

