============= inst 431 =============
Route:
1  4  30 10 1  
1  5  25 13 11 20 6  1  
1  17 19 2  1  
1  18 14 26 15 24 7  1  
1  23 8  21 9  12 22 1  
1  27 3  29 28 16 1  

Point Location:
90  141 42  67  166 163 130 15  16  32  193 54  196 173 163 23  94  174 120 197 9   88  31  160 192 211 70  11  11  32  
104 16  209 162 56  122 160 13  9   164 77  39  57  132 176 136 89  129 16  118 7   84  69  184 45  179 179 158 207 168 

Total Distance:   1583.361582
Execution Time:   11.58  sec
Absolute Gap:     0.000000
Relative Gap:     0.000000
============= inst 431 end=============

