============= inst 432 =============
Route:
1  11 19 15 21 10 28 1  
1  13 5  9  1  
1  17 4  23 29 7  26 1  
1  22 25 8  14 20 6  1  
1  24 3  2  18 27 1  
1  30 16 12 1  

Point Location:
68  130 144 15  36  104 44  75  45  182 187 84  31  97  202 113 35  103 202 121 186 62  20  135 75  55  90  147 16  117 
114 15  14  156 109 162 205 208 137 205 110 124 69  184 114 90  146 18  112 180 188 174 167 51  183 187 51  149 200 85  

Total Distance:   1422.767085
Execution Time:   3.94  sec
Absolute Gap:     0.000000
Relative Gap:     0.000000
============= inst 432 end=============

