============= inst 433 =============
Route:
1  3  9  25 1  
1  4  29 22 13 1  
1  6  27 15 30 26 1  
1  10 16 12 2  8  21 1  
1  20 7  24 17 18 19 1  
1  23 28 5  14 11 1  

Point Location:
138 32  191 197 71  95  147 33  215 70  121 9   186 89  117 31  181 190 184 137 74  218 129 155 216 125 94  9   215 128 
73  162 48  68  76  152 169 141 28  148 78  175 87  65  192 216 211 159 126 121 117 91  40  189 7   127 176 15  86  147 

Total Distance:   1674.884212
Execution Time:   19.81  sec
Absolute Gap:     0.000000
Relative Gap:     0.000000
============= inst 433 end=============

