============= inst 434 =============
Route:
1  2  5  24 9  29 11 1  
1  6  23 19 10 17 15 1  
1  12 28 14 1  
1  16 8  18 1  
1  21 13 25 3  7  4  1  
1  26 22 27 20 30 1  

Point Location:
124 118 20  18  100 159 13  149 163 206 142 95  60  111 196 144 210 150 174 92  81  71  179 117 49  91  57  91  159 95  
98  49  15  125 18  137 96  117 23  182 64  111 28  86  55  109 109 107 209 171 39  120 160 25  32  121 156 84  27  141 

Total Distance:   1369.057266
Execution Time:   18.84  sec
Absolute Gap:     0.000000
Relative Gap:     0.000000
============= inst 434 end=============

