============= inst 435 =============
Route:
1  4  30 26 20 6  25 1  
1  11 15 9  1  
1  13 28 16 19 5  8  1  
1  18 17 27 1  
1  21 29 7  14 24 10 1  
1  22 23 2  3  12 1  

Point Location:
159 170 216 100 185 32  47  164 92  96  110 188 156 17  107 185 207 195 207 41  47  98  93  70  27  56  161 160 29  92  
91  196 218 213 30  206 87  48  103 31  80  192 50  15  90  9   77  78  20  203 132 158 159 19  168 216 71  22  130 209 

Total Distance:   1690.480187
Execution Time:   83.36  sec
Absolute Gap:     0.000000
Relative Gap:     0.000000
============= inst 435 end=============

