============= inst 436 =============
Route:
1  2  15 20 1  
1  8  10 29 23 3  1  
1  18 26 14 7  13 24 1  
1  19 27 4  17 5  25 1  
1  21 16 12 1  
1  28 30 22 9  6  11 1  

Point Location:
144 192 110 46  81  99  135 129 114 59  120 170 123 163 207 175 62  218 74  178 162 160 22  148 98  165 73  190 35  163 
128 120 133 163 150 190 35  112 203 50  180 105 54  27  127 109 154 11  158 128 126 217 47  87  141 33  164 173 9   178 

Total Distance:   1399.174839
Execution Time:   31.55  sec
Absolute Gap:     0.000000
Relative Gap:     0.000000
============= inst 436 end=============

