============= inst 437 =============
Route:
1  5  8  25 1  
1  10 14 18 12 20 1  
1  15 7  27 1  
1  21 19 26 2  13 23 1  
1  29 28 17 11 3  16 1  
1  30 9  24 6  22 4  1  

Point Location:
136 126 148 180 183 198 179 191 210 88  136 51  130 45  154 161 126 21  18  107 66  186 146 211 159 74  213 122 121 181 
132 217 40  97  127 67  196 117 81  63  34  126 213 20  166 71  18  110 215 134 180 95  187 36  125 210 192 68  84  108 

Total Distance:   1539.743447
Execution Time:   3.31  sec
Absolute Gap:     0.000000
Relative Gap:     0.000000
============= inst 437 end=============

