============= inst 438 =============
Route:
1  5  6  22 11 1  
1  13 10 2  20 3  29 1  
1  16 4  17 9  1  
1  19 8  18 1  
1  25 14 23 24 30 12 1  
1  28 15 7  27 26 21 1  

Point Location:
87  81  72  21  100 125 177 115 48  95  107 79  103 23  176 52  40  84  125 72  106 117 18  30  46  136 215 189 71  46  
62  200 149 65  35  24  99  74  58  202 45  113 134 101 63  77  53  55  86  172 117 36  140 169 103 143 190 42  138 128 

Total Distance:   1392.604596
Execution Time:   47.63  sec
Absolute Gap:     0.000000
Relative Gap:     0.000000
============= inst 438 end=============

