============= inst 439 =============
Route:
1  8  14 4  18 1  
1  10 15 11 1  
1  12 7  9  29 22 16 1  
1  20 17 30 24 5  1  
1  25 19 27 6  28 1  
1  26 2  3  13 23 21 1  

Point Location:
92  182 181 107 105 32  162 119 162 63  65  142 189 109 45  165 122 100 25  132 150 170 181 113 73  163 27  50  203 117 
92  95  59  52  141 65  154 71  171 180 92  138 54  60  135 121 127 54  48  116 60  134 21  140 35  102 65  59  187 132 

Total Distance:   1256.470702
Execution Time:   6.64  sec
Absolute Gap:     0.000000
Relative Gap:     0.000000
============= inst 439 end=============

