============= inst 44 =============
Route:
1  14 28 21 3  23 5  1  
1  15 22 26 1  
1  16 9  6  29 1  
1  17 7  12 13 27 25 1  
1  18 19 24 11 1  
1  20 8  2  4  30 10 1  

Point Location:
140 26  137 47  171 190 77  35  169 74  60  49  21  124 92  166 110 88  20  52  122 94  198 18  101 121 35  121 188 48  
147 20  39  10  68  213 169 58  151 36  140 188 197 80  110 151 156 104 84  66  23  101 42  91  202 115 200 26  217 27  

Total Distance:   1595.725143
Execution Time:   118.09  sec
Absolute Gap:     0.000000
Relative Gap:     0.000000
============= inst 44 end=============

