============= inst 440 =============
Route:
1  2  6  26 28 1  
1  4  15 10 18 17 8  1  
1  5  29 25 16 3  9  1  
1  11 14 19 1  
1  20 7  12 21 13 24 1  
1  22 27 30 23 1  

Point Location:
124 50  185 135 172 42  28  120 182 120 165 37  37  203 145 195 118 93  182 68  42  105 136 11  197 30  102 41  186 134 
78  67  114 109 188 72  215 119 111 160 45  194 151 32  147 178 129 127 61  193 165 60  39  122 183 55  26  54  216 16  

Total Distance:   1496.894320
Execution Time:   110.78  sec
Absolute Gap:     0.000000
Relative Gap:     0.000000
============= inst 440 end=============

