============= inst 441 =============
Route:
1  9  26 12 25 5  1  
1  14 10 2  21 19 6  1  
1  17 16 4  15 13 7  1  
1  20 24 28 1  
1  23 11 8  3  30 18 1  
1  29 22 27 1  

Point Location:
93  92  213 163 59  58  138 194 57  77  132 22  159 87  202 140 115 151 23  20  39  129 113 41  44  43  86  71  98  194 
150 23  85  209 110 34  172 80  86  44  34  103 199 88  207 209 216 112 13  188 7   167 62  194 103 81  154 189 147 139 

Total Distance:   1536.352982
Execution Time:   116.94  sec
Absolute Gap:     0.000000
Relative Gap:     0.000000
============= inst 441 end=============

