============= inst 442 =============
Route:
1  7  5  23 15 20 6  1  
1  9  16 3  12 4  13 1  
1  14 24 8  1  
1  19 22 21 26 1  
1  28 27 10 17 1  
1  30 29 2  18 11 25 1  

Point Location:
152 25  106 42  183 121 152 164 122 128 92  80  47  172 145 107 139 7   179 129 210 209 155 173 116 205 153 160 48  98  
76  84  217 193 186 134 103 49  204 10  45  216 175 51  186 205 29  39  122 187 105 113 218 47  65  86  16  31  111 71  

Total Distance:   1475.207000
Execution Time:   93.83  sec
Absolute Gap:     0.000000
Relative Gap:     0.000000
============= inst 442 end=============

