============= inst 443 =============
Route:
1  4  10 30 1  
1  11 8  13 12 6  7  1  
1  16 15 29 28 1  
1  18 20 2  3  1  
1  25 22 9  19 23 24 1  
1  26 5  14 21 27 17 1  

Point Location:
53  13  10  76  112 172 77  176 192 74  154 202 195 134 31  36  81  22  111 20  160 164 96  101 133 68  147 30  29  58  
85  29  44  60  195 163 109 134 10  53  85  155 123 207 208 150 117 43  13  14  194 56  17  39  83  163 182 147 157 67  

Total Distance:   1591.453696
Execution Time:   72.58  sec
Absolute Gap:     0.000000
Relative Gap:     0.000000
============= inst 443 end=============

