============= inst 444 =============
Route:
1  4  29 18 1  
1  13 8  5  15 10 24 1  
1  17 3  19 25 2  16 1  
1  21 14 6  11 27 1  
1  22 9  12 1  
1  28 7  30 26 20 23 1  

Point Location:
122 158 202 134 95  18  209 84  32  148 49  61  81  87  110 160 190 116 205 156 108 84  141 140 197 159 77  186 116 173 
93  189 152 111 162 25  36  153 159 190 75  112 148 25  170 178 108 82  206 51  27  126 42  163 209 54  67  58  109 49  

Total Distance:   1416.876310
Execution Time:   14.30  sec
Absolute Gap:     0.000000
Relative Gap:     0.000000
============= inst 444 end=============

