============= inst 445 =============
Route:
1  3  11 4  19 15 25 1  
1  9  26 27 1  
1  10 5  22 20 30 1  
1  17 16 2  21 13 12 1  
1  23 6  24 1  
1  29 28 7  14 8  18 1  

Point Location:
159 42  87  23  205 214 163 123 170 187 71  65  44  149 41  67  100 132 28  163 34  172 183 213 65  217 213 162 149 165 
85  209 39  40  196 54  188 192 14  144 14  57  98  216 44  168 120 135 40  167 195 186 71  76  39  25  30  183 146 160 

Total Distance:   1639.350793
Execution Time:   119.64  sec
Absolute Gap:     0.000000
Relative Gap:     0.000000
============= inst 445 end=============

