============= inst 446 =============
Route:
1  19 17 20 1  
1  24 23 14 9  5  25 1  
1  27 13 12 2  8  10 1  
1  28 6  7  21 18 3  1  
1  29 26 15 22 16 1  
1  30 4  11 1  

Point Location:
75  104 49  27  142 61  50  98  173 85  46  158 183 215 178 123 8   30  15  21  42  148 185 157 134 208 166 68  111 73  
101 209 168 20  35  175 200 187 38  160 51  213 196 14  173 140 125 196 120 152 209 162 78  72  50  129 178 140 97  83  

Total Distance:   1624.604542
Execution Time:   39.61  sec
Absolute Gap:     0.000000
Relative Gap:     0.000000
============= inst 446 end=============

