============= inst 447 =============
Route:
1  7  5  23 25 17 15 1  
1  12 10 19 1  
1  18 4  2  26 16 21 1  
1  22 13 20 24 1  
1  27 29 3  28 14 8  1  
1  30 6  9  11 1  

Point Location:
154 22  38  39  165 87  122 72  90  207 137 180 125 67  178 39  192 64  214 140 50  120 175 144 166 17  56  15  28  89  
134 67  197 12  19  155 36  142 155 175 144 207 193 163 91  87  74  50  167 208 96  193 33  164 66  85  215 160 216 137 

Total Distance:   1590.096241
Execution Time:   12.91  sec
Absolute Gap:     0.000000
Relative Gap:     0.000000
============= inst 447 end=============

