============= inst 448 =============
Route:
1  9  27 19 30 15 23 1  
1  13 10 14 1  
1  21 12 20 28 6  29 1  
1  22 18 25 1  
1  24 17 8  2  3  1  
1  26 4  5  16 11 7  1  

Point Location:
101 46  66  202 211 176 182 56  129 117 181 155 130 108 86  192 46  99  96  182 146 83  92  77  101 126 127 201 150 58  
131 210 197 55  97  203 137 189 82  124 123 165 135 113 30  113 134 187 8   174 154 171 63  104 183 100 20  168 206 9   

Total Distance:   1364.606296
Execution Time:   27.11  sec
Absolute Gap:     0.000000
Relative Gap:     0.000000
============= inst 448 end=============

