============= inst 449 =============
Route:
1  4  8  3  1  
1  6  10 22 11 7  16 1  
1  15 28 23 9  30 29 1  
1  20 13 17 19 18 1  
1  21 5  2  24 12 14 1  
1  25 27 26 1  

Point Location:
112 24  93  98  43  127 209 82  17  211 214 53  193 54  107 190 199 146 193 159 57  214 63  20  84  76  74  60  18  13  
142 161 161 180 148 205 132 180 57  196 168 174 89  160 77  164 45  61  33  93  134 189 20  164 123 106 109 51  148 136 

Total Distance:   1453.874426
Execution Time:   54.86  sec
Absolute Gap:     0.000000
Relative Gap:     0.000000
============= inst 449 end=============

