============= inst 45 =============
Route:
1  3  2  29 21 14 16 1  
1  7  20 6  22 24 1  
1  10 19 8  13 5  27 1  
1  18 15 30 1  
1  25 11 12 17 23 4  1  
1  28 26 9  1  

Point Location:
73  173 134 105 70  35  69  42  74  30  183 212 53  156 15  137 148 14  7   37  189 65  119 117 127 77  94  94  215 19  
91  174 132 72  198 26  74  195 146 152 107 36  208 194 99  184 75  84  175 28  208 7   69  17  100 174 200 120 177 126 

Total Distance:   1639.435754
Execution Time:   59.63  sec
Absolute Gap:     0.000000
Relative Gap:     0.000000
============= inst 45 end=============

