============= inst 450 =============
Route:
1  4  15 10 17 22 1  
1  9  14 20 21 26 16 1  
1  18 28 3  5  24 25 1  
1  27 13 2  11 23 7  1  
1  29 6  8  1  
1  30 19 12 1  

Point Location:
84  23  136 170 66  9   32  18  165 204 15  35  45  189 214 124 182 133 18  167 162 137 15  86  87  131 53  141 53  21  
63  197 218 149 204 124 153 109 43  86  172 57  170 23  148 33  88  181 62  25  14  88  156 187 179 13  142 205 115 43  

Total Distance:   1661.989894
Execution Time:   6.31  sec
Absolute Gap:     0.000000
Relative Gap:     0.000000
============= inst 450 end=============

