============= inst 451 =============
Route:
1  3  27 13 1  
1  8  6  9  7  5  2  1  
1  11 26 16 1  
1  18 30 15 28 24 14 1  
1  23 4  22 12 10 1  
1  29 25 21 19 20 17 1  

Point Location:
114 188 135 161 200 197 198 157 214 151 117 170 172 79  33  126 53  80  9   14  49  173 143 26  52  119 134 10  73  66  
112 136 176 94  121 31  116 37  91  73  67  78  210 123 193 83  97  166 93  120 45  78  95  128 39  69  199 169 20  217 

Total Distance:   1466.627740
Execution Time:   3.61  sec
Absolute Gap:     0.000000
Relative Gap:     0.000000
============= inst 451 end=============

