============= inst 452 =============
Route:
1  13 2  30 20 15 6  1  
1  14 11 12 29 1  
1  18 19 25 7  4  27 1  
1  21 17 8  1  
1  23 5  10 9  1  
1  28 26 22 24 3  16 1  

Point Location:
107 183 120 23  25  171 18  123 96  39  217 189 185 186 176 105 111 43  35  186 108 202 33  143 39  217 59  187 173 197 
111 47  206 50  185 28  26  48  124 174 117 80  63  122 27  129 40  45  39  7   38  194 119 181 14  185 73  166 81  9   

Total Distance:   1566.280065
Execution Time:   14.86  sec
Absolute Gap:     0.000000
Relative Gap:     0.000000
============= inst 452 end=============

