============= inst 453 =============
Route:
1  13 3  18 7  5  4  1  
1  14 20 6  25 16 8  1  
1  15 17 10 19 1  
1  24 21 11 1  
1  29 23 28 9  1  
1  30 12 26 2  27 22 1  

Point Location:
91  212 143 204 178 51  173 32  65  129 106 203 120 71  123 7   141 152 97  72  109 199 28  115 29  198 200 34  55  164 
82  130 32  49  37  44  21  68  140 177 55  206 43  47  101 84  139 22  126 9   55  97  175 83  51  134 98  167 114 184 

Total Distance:   1485.286274
Execution Time:   22.17  sec
Absolute Gap:     0.000000
Relative Gap:     0.000000
============= inst 453 end=============

