============= inst 454 =============
Route:
1  10 13 6  7  18 2  1  
1  16 30 19 25 3  11 1  
1  21 27 28 4  8  22 1  
1  23 20 24 9  5  1  
1  26 15 12 1  
1  29 14 17 1  

Point Location:
109 172 77  12  158 178 201 8   168 130 76  73  150 38  79  213 83  191 133 142 72  36  140 176 107 93  50  54  58  167 
75  45  195 191 30  65  69  159 28  76  189 117 85  60  134 146 13  37  218 34  112 131 32  12  208 140 145 155 77  165 

Total Distance:   1526.589088
Execution Time:   9.83  sec
Absolute Gap:     0.000000
Relative Gap:     0.000000
============= inst 454 end=============

