============= inst 455 =============
Route:
1  5  8  17 1  
1  14 29 19 30 3  21 1  
1  18 2  23 26 9  6  1  
1  22 28 13 12 15 10 1  
1  24 16 20 7  25 1  
1  27 4  11 1  

Point Location:
128 152 204 186 68  135 104 57  183 66  192 29  39  159 19  11  75  151 182 47  201 115 144 72  121 206 164 31  172 190 
94  185 49  111 123 109 188 126 187 100 80  91  75  49  98  194 133 174 16  192 50  11  193 171 186 206 119 23  12  33  

Total Distance:   1592.347754
Execution Time:   32.84  sec
Absolute Gap:     0.000000
Relative Gap:     0.000000
============= inst 455 end=============

