============= inst 456 =============
Route:
1  2  9  25 1  
1  3  6  13 14 24 20 1  
1  4  27 17 10 30 16 1  
1  22 7  21 18 12 1  
1  23 19 8  1  
1  29 5  28 11 26 15 1  

Point Location:
56  18  139 123 111 145 216 13  19  212 77  119 198 181 70  138 197 194 23  140 203 157 103 181 38  66  161 93  93  200 
57  110 167 86  193 187 27  54  164 99  190 26  174 152 150 75  96  8   8   132 16  27  34  143 168 191 116 213 144 83  

Total Distance:   1915.928766
Execution Time:   112.86  sec
Absolute Gap:     0.000000
Relative Gap:     0.000000
============= inst 456 end=============

