============= inst 457 =============
Route:
1  4  24 7  1  
1  8  30 28 3  26 17 1  
1  12 14 11 5  15 10 1  
1  21 16 20 22 27 1  
1  25 9  13 1  
1  29 23 18 6  2  19 1  

Point Location:
84  24  207 43  180 62  8   145 29  140 180 151 70  157 147 201 197 75  77  168 197 150 71  14  42  212 98  174 101 159 
141 41  21  114 185 7   139 20  204 183 181 169 154 176 197 117 56  7   87  123 100 135 26  99  212 57  147 40  73  20  

Total Distance:   1610.573652
Execution Time:   15.58  sec
Absolute Gap:     0.000000
Relative Gap:     0.000000
============= inst 457 end=============

