============= inst 458 =============
Route:
1  14 25 9  1  
1  17 10 15 2  13 1  
1  18 11 16 26 21 3  1  
1  22 12 4  8  5  20 1  
1  24 29 7  27 23 6  1  
1  30 28 19 1  

Point Location:
131 151 42  7   95  176 185 28  104 155 93  46  151 107 191 67  134 96  172 124 10  77  166 150 103 17  176 176 163 172 
140 181 122 84  24  84  24  17  146 205 203 93  172 119 209 161 202 173 127 33  120 113 48  53  138 168 30  153 19  160 

Total Distance:   1475.690416
Execution Time:   13.00  sec
Absolute Gap:     0.000000
Relative Gap:     0.000000
============= inst 458 end=============

