============= inst 459 =============
Route:
1  3  7  4  30 1  
1  15 19 2  18 13 10 1  
1  17 24 25 9  1  
1  23 16 6  1  
1  26 12 14 29 5  27 1  
1  28 20 8  22 21 11 1  

Point Location:
59  171 108 121 76  80  135 200 37  141 192 121 167 108 123 76  17  171 158 174 186 212 62  10  27  88  11  165 88  113 
102 198 74  22  202 173 51  156 52  154 9   183 180 184 166 176 90  194 187 130 71  126 157 92  46  122 202 126 211 56  

Total Distance:   1669.939831
Execution Time:   33.88  sec
Absolute Gap:     0.000000
Relative Gap:     0.000000
============= inst 459 end=============

