============= inst 46 =============
Route:
1  5  12 2  4  1  
1  7  20 17 18 14 9  1  
1  16 30 10 1  
1  19 27 11 13 21 1  
1  24 28 29 25 6  8  1  
1  26 15 23 3  22 1  

Point Location:
117 8   108 60  72  211 51  166 54  127 218 34  209 33  46  144 34  24  146 12  215 121 86  156 207 88  153 134 171 132 
147 187 54  175 218 66  157 86  94  112 208 209 162 88  15  130 126 82  193 139 139 69  22  69  56  80  186 40  40  114 

Total Distance:   1631.018730
Execution Time:   4.30  sec
Absolute Gap:     0.000000
Relative Gap:     0.000000
============= inst 46 end=============

