============= inst 460 =============
Route:
1  10 19 24 30 1  
1  13 11 9  14 1  
1  16 25 5  17 15 22 1  
1  20 26 3  27 28 8  1  
1  21 2  4  6  12 7  1  
1  23 18 29 1  

Point Location:
118 18  37  25  184 39  83  64  75  132 78  49  112 77  189 138 213 86  179 34  39  167 137 174 178 45  43  58  99  193 
159 88  167 79  32  68  70  181 112 121 116 45  149 122 42  19  36  212 124 134 113 77  213 149 30  158 196 215 183 169 

Total Distance:   1485.489785
Execution Time:   109.44  sec
Absolute Gap:     0.000000
Relative Gap:     0.000000
============= inst 460 end=============

