============= inst 461 =============
Route:
1  4  21 12 18 30 7  1  
1  6  14 5  22 11 1  
1  8  23 13 2  26 9  1  
1  16 29 19 1  
1  20 15 27 1  
1  24 25 17 28 3  10 1  

Point Location:
127 18  120 167 31  80  164 38  53  129 84  193 33  23  208 133 94  217 186 146 182 65  32  73  83  44  207 104 210 198 
81  147 192 158 91  36  114 203 128 161 103 214 171 50  74  51  190 173 53  68  192 81  205 178 188 118 74  184 8   167 

Total Distance:   1646.482155
Execution Time:   25.95  sec
Absolute Gap:     0.000000
Relative Gap:     0.000000
============= inst 461 end=============

