============= inst 462 =============
Route:
1  8  10 20 2  22 16 1  
1  12 4  24 27 30 1  
1  13 18 26 1  
1  14 28 21 7  29 11 1  
1  19 6  9  17 15 3  1  
1  23 5  25 1  

Point Location:
108 132 110 27  17  82  208 174 134 190 217 33  76  171 130 125 167 69  68  193 208 116 38  9   36  83  34  198 213 50  
123 213 49  81  135 24  35  139 26  142 112 88  121 69  37  145 10  138 35  213 28  187 146 36  187 165 73  32  72  90  

Total Distance:   1651.517748
Execution Time:   69.31  sec
Absolute Gap:     0.000000
Relative Gap:     0.000000
============= inst 462 end=============

