============= inst 463 =============
Route:
1  2  15 29 1  
1  6  26 13 1  
1  8  14 20 16 7  27 1  
1  9  22 10 19 3  23 1  
1  17 30 5  11 25 18 1  
1  21 28 4  24 12 1  

Point Location:
125 136 41  217 80  100 152 150 66  38  15  191 81  202 124 165 116 36  30  193 167 62  59  189 8   69  128 208 127 121 
104 68  122 34  213 23  202 150 86  69  214 100 40  205 37  200 205 191 70  217 68  62  115 86  190 22  165 17  57  211 

Total Distance:   1577.874826
Execution Time:   7.30  sec
Absolute Gap:     0.000000
Relative Gap:     0.000000
============= inst 463 end=============

