============= inst 464 =============
Route:
1  12 19 29 1  
1  14 10 13 7  1  
1  16 25 11 27 8  26 1  
1  17 24 18 28 3  9  1  
1  20 4  2  6  1  
1  23 15 5  22 30 21 1  

Point Location:
60  140 113 136 211 89  33  180 83  71  175 74  44  57  204 141 101 165 64  111 146 183 179 108 162 146 184 128 19  175 
151 205 14  194 50  217 82  218 41  53  162 131 53  66  105 142 75  13  100 153 74  30  108 49  152 209 186 22  128 66  

Total Distance:   1758.927798
Execution Time:   58.67  sec
Absolute Gap:     0.000000
Relative Gap:     0.000000
============= inst 464 end=============

