============= inst 465 =============
Route:
1  8  7  26 18 14 1  
1  12 5  19 24 9  11 1  
1  13 30 28 1  
1  21 6  23 3  22 4  1  
1  25 17 15 1  
1  27 16 29 2  20 10 1  

Point Location:
115 89  201 147 96  207 179 183 10  111 14  104 87  140 104 55  69  193 52  118 198 188 206 40  89  218 45  97  62  76  
95  25  42  17  193 76  146 123 200 29  99  166 99  153 62  23  67  210 188 12  102 32  55  178 82  191 45  131 20  152 

Total Distance:   1556.346155
Execution Time:   9.26  sec
Absolute Gap:     0.000000
Relative Gap:     0.000000
============= inst 465 end=============

