============= inst 466 =============
Route:
1  10 17 4  3  1  
1  12 28 24 1  
1  15 26 18 21 11 5  1  
1  16 7  6  2  14 23 1  
1  19 8  9  29 1  
1  25 30 20 27 22 13 1  

Point Location:
115 217 78  55  168 190 165 113 129 68  172 16  90  190 180 145 58  218 111 142 184 56  184 34  151 213 88  9   134 146 
108 131 41  31  32  172 175 18  15  45  7   109 174 87  81  158 43  44  63  216 25  188 89  63  173 50  216 100 51  201 

Total Distance:   1565.945992
Execution Time:   3.13  sec
Absolute Gap:     0.000000
Relative Gap:     0.000000
============= inst 466 end=============

