============= inst 467 =============
Route:
1  9  17 19 24 27 6  1  
1  11 25 23 21 1  
1  16 7  2  3  4  1  
1  22 5  12 1  
1  26 13 29 18 30 1  
1  28 14 8  10 20 15 1  

Point Location:
110 30  18  82  54  173 89  43  162 14  116 85  166 64  28  86  156 132 198 25  104 86  112 209 113 155 180 71  153 116 
154 109 112 143 185 145 106 62  174 36  168 169 24  49  71  121 199 84  182 63  210 196 201 164 181 103 144 81  14  101 

Total Distance:   1393.207628
Execution Time:   51.89  sec
Absolute Gap:     0.000000
Relative Gap:     0.000000
============= inst 467 end=============

