============= inst 468 =============
Route:
1  14 22 27 12 18 10 1  
1  19 17 5  1  
1  20 4  21 1  
1  24 9  15 8  6  30 1  
1  25 29 2  16 23 13 1  
1  26 3  7  28 11 1  

Point Location:
103 180 108 56  107 189 141 196 163 86  143 21  179 19  179 210 131 49  124 78  39  44  203 168 167 112 40  140 170 158 
105 141 202 40  98  177 194 199 194 148 158 165 60  111 209 89  70  175 47  44  49  134 39  186 128 165 138 181 135 158 

Total Distance:   1445.126433
Execution Time:   5.03  sec
Absolute Gap:     0.000000
Relative Gap:     0.000000
============= inst 468 end=============

