============= inst 469 =============
Route:
1  5  18 30 16 27 7  1  
1  11 10 26 1  
1  14 22 9  1  
1  17 2  20 3  15 23 1  
1  19 4  24 13 28 1  
1  29 21 25 8  6  12 1  

Point Location:
89  163 210 25  151 43  132 77  98  114 94  70  58  66  180 202 171 208 41  203 95  76  128 11  100 84  200 65  86  200 
147 29  22  146 182 39  158 30  191 126 146 99  116 148 84  155 54  201 166 11  87  164 116 124 66  142 152 137 99  180 

Total Distance:   1357.177553
Execution Time:   102.91  sec
Absolute Gap:     0.000000
Relative Gap:     0.000000
============= inst 469 end=============

