============= inst 47 =============
Route:
1  3  18 5  1  
1  6  25 17 26 20 7  1  
1  13 11 10 14 29 30 1  
1  15 24 4  12 21 1  
1  22 27 8  2  28 16 1  
1  23 19 9  1  

Point Location:
134 41  141 185 172 63  73  45  101 76  66  204 91  87  132 21  50  160 128 49  185 96  122 118 46  24  105 13  99  125 
142 14  157 42  132 135 170 18  188 88  91  75  124 69  84  80  140 147 217 207 81  47  201 68  123 201 26  61  97  129 

Total Distance:   1475.079569
Execution Time:   60.22  sec
Absolute Gap:     0.000000
Relative Gap:     0.000000
============= inst 47 end=============

