============= inst 470 =============
Route:
1  6  25 27 23 8  30 1  
1  16 29 19 1  
1  17 24 9  14 1  
1  18 21 20 13 1  
1  22 4  5  26 2  7  1  
1  28 10 12 11 3  15 1  

Point Location:
83  129 44  185 214 153 116 213 27  53  25  23  126 26  80  121 77  138 102 159 133 145 209 79  207 165 201 53  141 190 
93  205 18  176 202 121 184 69  210 73  39  47  33  197 43  84  165 71  104 18  41  148 78  185 160 212 124 93  88  48  

Total Distance:   1620.948417
Execution Time:   70.61  sec
Absolute Gap:     0.000000
Relative Gap:     0.000000
============= inst 470 end=============

