============= inst 471 =============
Route:
1  10 15 6  11 1  
1  16 14 9  1  
1  19 4  8  24 1  
1  22 5  30 29 21 17 1  
1  27 3  20 23 2  25 1  
1  28 26 12 13 7  18 1  

Point Location:
150 66  41  77  56  171 98  87  143 158 201 72  86  197 158 207 82  133 108 11  49  67  48  121 106 80  50  86  18  7   
150 51  98  215 217 22  111 215 127 81  82  99  91  166 66  185 172 127 193 32  188 200 56  209 19  127 98  143 175 182 

Total Distance:   1665.518288
Execution Time:   62.64  sec
Absolute Gap:     0.000000
Relative Gap:     0.000000
============= inst 471 end=============

