============= inst 472 =============
Route:
1  4  2  24 30 29 18 1  
1  10 12 25 19 28 11 1  
1  14 8  13 15 23 1  
1  16 9  5  6  1  
1  17 20 22 26 3  1  
1  21 7  27 1  

Point Location:
77  17  52  42  176 154 97  134 210 101 61  93  182 115 203 145 43  96  30  22  104 20  138 7   70  15  81  46  65  37  
97  84  116 88  62  84  94  178 38  155 170 204 202 146 152 51  94  29  173 109 99  130 132 26  216 143 83  166 10  17  

Total Distance:   1478.748698
Execution Time:   8.36  sec
Absolute Gap:     0.000000
Relative Gap:     0.000000
============= inst 472 end=============

