============= inst 473 =============
Route:
1  2  27 6  13 9  17 1  
1  5  12 7  15 19 30 1  
1  11 23 8  1  
1  20 18 16 25 10 1  
1  21 24 4  14 29 22 1  
1  28 26 3  1  

Point Location:
143 96  148 202 129 37  53  135 34  163 115 86  18  211 16  206 41  218 28  181 152 210 109 174 167 160 63  152 204 26  
128 129 181 77  8   149 57  190 187 214 181 17  195 80  26  203 188 181 63  169 45  121 185 46  215 184 122 178 85  97  

Total Distance:   1575.025959
Execution Time:   5.05  sec
Absolute Gap:     0.000000
Relative Gap:     0.000000
============= inst 473 end=============

