============= inst 474 =============
Route:
1  4  29 22 3  13 1  
1  6  16 7  1  
1  12 18 8  23 25 30 1  
1  14 9  27 19 26 17 1  
1  15 5  11 2  10 20 1  
1  28 24 21 1  

Point Location:
116 207 82  99  171 164 168 123 173 185 195 108 100 158 166 178 204 104 213 128 81  34  117 23  129 213 207 28  96  147 
115 189 169 185 167 127 134 33  77  212 178 74  124 79  143 131 93  62  36  158 103 186 15  70  24  49  31  50  206 64  

Total Distance:   1429.910999
Execution Time:   3.45  sec
Absolute Gap:     0.000000
Relative Gap:     0.000000
============= inst 474 end=============

