============= inst 475 =============
Route:
1  8  19 21 14 29 7  1  
1  9  10 27 1  
1  11 23 30 28 18 16 1  
1  12 15 5  4  20 1  
1  13 17 26 22 3  6  1  
1  25 2  24 1  

Point Location:
68  97  200 131 138 133 10  55  10  25  154 125 126 7   142 140 130 167 35  103 19  166 167 66  129 147 34  171 8   179 
133 215 52  100 105 88  89  62  102 94  135 106 15  39  107 168 11  175 63  101 47  34  119 185 186 18  106 201 66  177 

Total Distance:   1480.503186
Execution Time:   3.58  sec
Absolute Gap:     0.000000
Relative Gap:     0.000000
============= inst 475 end=============

