============= inst 476 =============
Route:
1  12 15 2  11 30 8  1  
1  14 19 21 7  13 9  1  
1  23 10 28 3  1  
1  24 27 16 18 1  
1  25 22 5  29 4  6  1  
1  26 17 20 1  

Point Location:
150 29  146 126 55  130 213 53  163 207 16  88  164 206 42  81  131 72  190 124 215 56  188 94  82  128 83  147 75  35  
132 29  174 194 200 182 7   146 50  193 71  27  25  83  32  117 133 130 58  142 9   195 125 93  155 105 101 194 214 132 

Total Distance:   1528.197483
Execution Time:   13.14  sec
Absolute Gap:     0.000000
Relative Gap:     0.000000
============= inst 476 end=============

