============= inst 477 =============
Route:
1  5  17 25 6  27 15 1  
1  9  2  8  1  
1  21 13 12 24 14 1  
1  23 18 16 22 19 30 1  
1  26 28 3  4  11 20 1  
1  29 7  10 1  

Point Location:
138 152 7   15  171 202 144 140 128 138 23  46  82  32  190 93  182 85  190 66  85  193 97  21  205 46  215 40  190 143 
71  12  207 127 61  42  100 45  22  87  102 78  96  41  39  200 52  198 199 107 93  214 159 57  49  153 26  194 86  145 

Total Distance:   1561.928229
Execution Time:   49.89  sec
Absolute Gap:     0.000000
Relative Gap:     0.000000
============= inst 477 end=============

