============= inst 478 =============
Route:
1  9  6  14 30 13 29 1  
1  10 26 4  1  
1  15 16 20 1  
1  23 8  21 7  2  1  
1  24 18 22 19 12 3  1  
1  27 5  25 11 28 17 1  

Point Location:
121 85  103 135 40  179 64  56  169 109 19  42  217 174 111 163 37  15  39  166 64  40  64  29  29  117 50  31  170 194 
102 165 35  161 166 165 170 166 162 89  218 13  171 197 57  12  208 102 29  78  168 87  132 114 174 154 164 210 129 211 

Total Distance:   1576.059420
Execution Time:   81.67  sec
Absolute Gap:     0.000000
Relative Gap:     0.000000
============= inst 478 end=============

