============= inst 479 =============
Route:
1  6  26 13 20 27 1  
1  11 22 10 1  
1  12 5  18 23 7  17 1  
1  14 28 4  30 21 16 1  
1  24 3  19 1  
1  29 8  9  2  15 25 1  

Point Location:
129 64  218 26  28  167 43  46  45  128 123 99  203 67  111 75  104 10  180 207 54  105 20  175 109 196 176 37  77  22  
73  188 23  47  143 157 98  192 196 39  77  115 196 7   208 74  80  126 80  117 78  42  102 59  175 210 107 43  154 73  

Total Distance:   1598.789202
Execution Time:   57.05  sec
Absolute Gap:     0.000000
Relative Gap:     0.000000
============= inst 479 end=============

