============= inst 48 =============
Route:
1  4  14 11 3  27 5  1  
1  7  12 16 1  
1  8  2  19 1  
1  20 28 13 22 25 21 1  
1  23 6  15 29 30 1  
1  26 9  18 10 24 17 1  

Point Location:
99  53  212 197 173 118 77  98  159 201 195 35  32  196 145 15  113 196 88  68  56  49  87  133 63  138 177 29  161 144 
134 204 27  107 56  13  129 185 125 185 50  138 43  68  10  155 208 165 167 121 66  58  67  211 55  120 50  99  37  86  

Total Distance:   1585.787352
Execution Time:   39.38  sec
Absolute Gap:     0.000000
Relative Gap:     0.000000
============= inst 48 end=============

