============= inst 480 =============
Route:
1  10 9  26 6  5  1  
1  14 27 8  12 16 2  1  
1  15 25 29 19 4  1  
1  17 21 30 1  
1  20 11 24 23 7  13 1  
1  28 3  22 18 1  

Point Location:
93  19  133 70  136 156 203 18  148 104 211 25  177 53  60  33  91  177 12  177 90  212 207 214 48  159 63  127 43  102 
112 94  183 131 103 60  97  16  51  57  13  65  107 42  212 74  99  160 147 64  115 214 46  36  197 50  22  173 192 121 

Total Distance:   1539.450391
Execution Time:   11.78  sec
Absolute Gap:     0.000000
Relative Gap:     0.000000
============= inst 480 end=============

