============= inst 481 =============
Route:
1  2  30 10 7  1  
1  11 21 8  3  15 17 1  
1  19 29 24 1  
1  20 27 6  22 18 1  
1  23 26 14 5  4  12 1  
1  28 16 9  13 25 1  

Point Location:
116 90  212 62  46  32  140 211 124 72  196 74  109 25  187 132 159 59  123 81  208 28  32  114 85  28  55  129 113 67  
119 184 81  146 166 80  216 134 7   217 150 150 11  180 71  38  66  77  71  116 174 78  132 126 54  171 92  44  71  177 

Total Distance:   1456.221394
Execution Time:   3.55  sec
Absolute Gap:     0.000000
Relative Gap:     0.000000
============= inst 481 end=============

