============= inst 482 =============
Route:
1  5  6  13 23 10 24 1  
1  8  21 28 1  
1  16 17 22 7  2  4  1  
1  19 11 30 1  
1  25 18 3  9  15 20 1  
1  29 12 26 14 27 1  

Point Location:
79  189 203 177 94  72  200 110 186 28  126 60  32  29  154 193 215 205 112 129 114 208 15  44  145 47  25  101 71  108 
104 85  194 89  47  35  81  88  183 70  185 207 7   141 200 8   33  160 177 182 76  75  39  67  93  206 120 76  209 181 

Total Distance:   1566.915402
Execution Time:   37.05  sec
Absolute Gap:     0.000000
Relative Gap:     0.000000
============= inst 482 end=============

