============= inst 483 =============
Route:
1  7  24 2  11 19 1  
1  13 28 21 25 4  8  1  
1  16 10 15 1  
1  22 12 6  26 20 5  1  
1  23 3  18 14 30 17 1  
1  27 29 9  1  

Point Location:
94  209 35  111 81  18  168 111 42  77  177 42  130 15  90  81  25  27  116 72  141 44  86  181 117 60  53  192 35  10  
121 154 50  12  198 206 216 29  126 100 121 167 92  71  123 94  119 68  110 193 57  159 72  157 19  210 107 54  112 92  

Total Distance:   1401.253275
Execution Time:   8.13  sec
Absolute Gap:     0.000000
Relative Gap:     0.000000
============= inst 483 end=============

