============= inst 484 =============
Route:
1  3  26 2  1  
1  6  25 5  14 16 19 1  
1  8  30 9  1  
1  10 27 12 7  22 11 1  
1  18 21 29 23 15 1  
1  20 13 17 28 4  24 1  

Point Location:
101 131 97  210 15  51  167 155 100 121 107 182 194 13  67  23  216 79  39  157 66  132 57  205 38  112 168 208 58  152 
148 200 198 76  191 131 10  152 152 110 62  49  109 217 103 203 104 75  182 132 31  24  93  61  166 215 64  93  53  174 

Total Distance:   1461.498384
Execution Time:   86.67  sec
Absolute Gap:     0.000000
Relative Gap:     0.000000
============= inst 484 end=============

