============= inst 485 =============
Route:
1  5  18 25 20 4  13 1  
1  7  27 23 9  15 16 1  
1  12 17 28 8  11 26 1  
1  22 6  19 10 1  
1  24 14 3  21 1  
1  29 2  30 1  

Point Location:
119 72  147 29  48  38  62  183 32  61  165 218 38  147 33  58  206 36  26  27  175 36  28  108 24  132 38  199 81  70  
103 152 14  149 162 31  95  151 102 82  131 102 155 7   119 121 164 195 60  169 34  15  92  43  179 111 92  203 172 146 

Total Distance:   1518.280420
Execution Time:   4.09  sec
Absolute Gap:     0.000000
Relative Gap:     0.000000
============= inst 485 end=============

