============= inst 486 =============
Route:
1  3  7  17 1  
1  6  23 18 4  19 27 1  
1  10 30 25 1  
1  15 12 8  21 29 14 1  
1  16 11 9  13 20 5  1  
1  26 28 22 2  24 1  

Point Location:
143 196 93  66  8   51  103 175 29  150 42  106 18  142 57  52  119 18  106 15  193 208 15  190 140 171 106 212 164 143 
124 211 151 210 74  169 142 11  26  172 13  31  21  85  32  15  132 214 203 62  55  205 200 218 148 124 187 161 58  160 

Total Distance:   1589.561824
Execution Time:   77.53  sec
Absolute Gap:     0.000000
Relative Gap:     0.000000
============= inst 486 end=============

