============= inst 487 =============
Route:
1  3  30 24 20 7  16 1  
1  9  12 14 4  21 26 1  
1  22 13 28 18 8  1  
1  23 2  15 1  
1  25 10 19 17 29 11 1  
1  27 6  5  1  

Point Location:
57  49  105 104 105 104 149 55  111 191 100 125 12  126 74  108 210 25  205 172 92  17  44  201 140 86  74  8   179 114 
147 215 202 50  78  76  166 48  72  38  144 53  57  41  214 158 89  23  35  160 19  133 211 188 112 45  104 16  124 202 

Total Distance:   1721.405761
Execution Time:   45.36  sec
Absolute Gap:     0.000000
Relative Gap:     0.000000
============= inst 487 end=============

