============= inst 488 =============
Route:
1  2  25 13 30 28 27 1  
1  3  17 7  1  
1  4  11 12 23 29 24 1  
1  18 20 14 10 6  5  1  
1  22 15 9  21 19 1  
1  26 8  16 1  

Point Location:
119 44  82  61  156 169 133 103 212 182 49  86  98  200 211 123 79  194 155 215 208 180 108 131 55  101 123 140 119 122 
62  120 42  162 144 173 48  90  55  213 214 217 142 173 14  74  25  134 94  150 81  7   218 206 130 86  90  126 214 141 

Total Distance:   1528.616671
Execution Time:   61.00  sec
Absolute Gap:     0.000000
Relative Gap:     0.000000
============= inst 488 end=============

