============= inst 489 =============
Route:
1  2  11 4  29 9  27 1  
1  6  20 5  1  
1  10 15 19 1  
1  18 12 26 7  28 8  1  
1  25 21 22 24 23 1  
1  30 16 17 3  13 14 1  

Point Location:
145 206 35  173 165 171 25  76  121 128 193 14  9   48  83  38  41  20  83  216 162 162 176 180 144 28  118 65  158 55  
121 61  53  35  142 126 210 168 19  135 46  111 60  98  114 18  45  100 83  158 182 184 169 188 182 188 51  189 13  16  

Total Distance:   1580.826155
Execution Time:   92.73  sec
Absolute Gap:     0.000000
Relative Gap:     0.000000
============= inst 489 end=============

