============= inst 49 =============
Route:
1  8  10 7  23 1  
1  16 24 19 13 20 30 1  
1  18 9  12 15 27 1  
1  21 11 22 28 26 3  1  
1  25 2  4  17 6  1  
1  29 14 5  1  

Point Location:
117 19  70  22  126 58  200 182 101 215 129 56  178 102 59  209 37  115 213 144 137 106 129 200 86  55  96  65  101 140 
70  88  192 120 91  116 20  56  32  27  195 14  184 114 31  110 134 26  214 145 104 190 62  181 76  206 58  209 115 126 

Total Distance:   1525.292206
Execution Time:   85.23  sec
Absolute Gap:     0.000000
Relative Gap:     0.000000
============= inst 49 end=============

