============= inst 490 =============
Route:
1  9  20 14 15 4  1  
1  10 26 11 7  1  
1  13 6  8  21 27 17 1  
1  16 24 3  5  2  1  
1  19 30 28 29 1  
1  22 12 18 23 25 1  

Point Location:
121 110 83  73  89  56  143 39  79  187 200 217 77  19  17  80  46  197 129 55  9   143 160 73  130 218 17  66  84  82  
88  154 162 91  151 215 68  209 104 102 57  173 184 103 96  142 158 179 13  113 193 103 214 160 155 85  170 27  37  26  

Total Distance:   1552.711311
Execution Time:   3.36  sec
Absolute Gap:     0.000000
Relative Gap:     0.000000
============= inst 490 end=============

