============= inst 491 =============
Route:
1  10 20 30 22 13 1  
1  14 6  2  1  
1  15 8  11 23 24 5  1  
1  19 29 9  18 3  7  1  
1  21 16 12 1  
1  28 4  26 25 17 27 1  

Point Location:
115 192 14  57  13  208 29  55  87  188 41  118 163 187 74  123 41  76  137 203 139 218 26  15  11  56  52  81  116 203 
148 193 44  200 128 211 86  117 47  162 96  114 108 168 124 88  168 48  58  161 79  106 94  120 205 211 144 173 17  150 

Total Distance:   1576.949116
Execution Time:   11.44  sec
Absolute Gap:     0.000000
Relative Gap:     0.000000
============= inst 491 end=============

