============= inst 492 =============
Route:
1  6  2  4  22 24 3  1  
1  12 13 11 8  5  25 1  
1  16 23 14 15 1  
1  20 19 28 21 1  
1  27 17 18 26 1  
1  30 29 10 9  7  1  

Point Location:
122 36  59  28  58  22  137 23  117 111 38  72  45  206 183 142 151 142 26  35  74  55  191 53  56  127 150 10  209 180 
99  43  38  22  197 55  150 182 171 181 149 137 149 74  99  79  28  31  127 113 92  20  23  34  182 22  49  102 216 148 

Total Distance:   1609.898268
Execution Time:   24.56  sec
Absolute Gap:     0.000000
Relative Gap:     0.000000
============= inst 492 end=============

