============= inst 493 =============
Route:
1  9  6  25 1  
1  13 28 8  1  
1  15 12 11 19 10 1  
1  20 30 3  29 16 17 1  
1  21 2  5  4  24 7  1  
1  23 14 18 22 26 27 1  

Point Location:
140 20  102 46  19  170 51  150 170 167 200 198 131 101 185 204 200 89  184 92  10  95  128 47  166 95  110 139 178 39  
122 89  218 129 93  63  139 158 74  36  70  87  156 28  92  158 154 12  22  131 64  30  43  140 63  46  89  165 203 205 

Total Distance:   1468.943740
Execution Time:   14.59  sec
Absolute Gap:     0.000000
Relative Gap:     0.000000
============= inst 493 end=============

