============= inst 494 =============
Route:
1  6  15 7  1  
1  9  12 20 10 23 13 1  
1  14 29 24 26 8  28 1  
1  17 21 27 16 18 30 1  
1  19 5  11 1  
1  25 3  4  22 2  1  

Point Location:
104 74  30  17  193 122 133 209 84  28  176 54  17  174 157 131 95  163 172 44  118 42  8   205 39  213 112 206 172 149 
73  81  78  93  42  44  84  109 138 191 48  186 147 140 96  210 116 173 41  194 180 88  184 188 55  139 214 91  148 171 

Total Distance:   1569.074286
Execution Time:   40.16  sec
Absolute Gap:     0.000000
Relative Gap:     0.000000
============= inst 494 end=============

