============= inst 495 =============
Route:
1  3  28 8  30 10 19 1  
1  4  26 13 1  
1  20 12 14 7  16 23 1  
1  21 2  29 25 24 15 1  
1  22 5  11 1  
1  27 6  17 18 9  1  

Point Location:
106 32  130 69  169 7   214 200 25  167 123 194 63  201 63  214 24  27  145 192 56  125 218 59  66  67  16  173 29  184 
87  144 170 30  60  62  121 170 25  155 86  136 76  121 169 94  64  52  105 137 115 66  84  181 209 28  98  200 188 169 

Total Distance:   1503.874463
Execution Time:   4.42  sec
Absolute Gap:     0.000000
Relative Gap:     0.000000
============= inst 495 end=============

