============= inst 496 =============
Route:
1  15 28 4  1  
1  16 29 7  5  14 17 1  
1  19 11 12 24 22 26 1  
1  21 6  2  18 8  30 1  
1  25 23 10 1  
1  27 13 20 3  9  1  

Point Location:
72  200 17  46  145 177 157 190 45  17  160 172 63  132 45  146 97  213 96  54  178 136 10  167 59  131 92  40  155 182 
146 56  29  156 69  64  76  107 63  131 196 195 69  55  196 123 86  85  198 48  66  144 116 191 111 141 100 182 80  98  

Total Distance:   1461.554869
Execution Time:   55.26  sec
Absolute Gap:     0.000000
Relative Gap:     0.000000
============= inst 496 end=============

