============= inst 497 =============
Route:
1  2  6  25 23 11 26 1  
1  4  14 24 1  
1  12 19 3  1  
1  20 29 30 28 15 22 1  
1  21 17 16 7  13 5  1  
1  27 9  8  10 18 1  

Point Location:
79  135 71  106 25  147 15  192 131 184 152 50  17  94  80  7   40  168 65  154 45  95  195 80  216 107 105 184 160 203 
137 170 171 167 120 184 65  106 79  115 198 122 88  213 8   58  41  116 174 77  67  58  210 197 211 166 105 7   73  38  

Total Distance:   1577.134646
Execution Time:   73.99  sec
Absolute Gap:     0.000000
Relative Gap:     0.000000
============= inst 497 end=============

