============= inst 498 =============
Route:
1  9  8  4  13 3  10 1  
1  12 18 21 1  
1  14 28 20 16 29 1  
1  22 30 24 11 26 15 1  
1  23 19 7  1  
1  27 2  25 5  6  17 1  

Point Location:
69  195 187 186 215 199 70  166 128 151 53  89  195 21  73  24  118 93  61  8   105 37  54  14  206 77  189 7   62  14  
115 121 85  16  174 198 128 7   15  69  199 46  89  105 154 59  184 91  129 39  96  127 114 186 170 200 116 112 84  150 

Total Distance:   1494.527398
Execution Time:   93.25  sec
Absolute Gap:     0.000000
Relative Gap:     0.000000
============= inst 498 end=============

