============= inst 499 =============
Route:
1  7  28 9  24 18 29 1  
1  8  5  30 2  22 23 1  
1  13 15 25 4  1  
1  19 6  3  1  
1  21 14 11 16 12 20 1  
1  27 10 26 17 1  

Point Location:
85  67  111 140 110 114 158 115 202 36  197 198 139 196 158 212 87  175 83  178 174 12  55  212 147 55  34  162 145 79  
121 49  123 75  18  141 153 42  120 214 74  27  58  96  60  56  176 182 133 38  115 44  114 163 75  183 145 150 214 14  

Total Distance:   1601.285726
Execution Time:   29.72  sec
Absolute Gap:     0.000000
Relative Gap:     0.000000
============= inst 499 end=============

