============= inst 5 =============
Route:
1  6  18 14 19 16 1  
1  9  8  13 27 17 29 1  
1  12 23 3  1  
1  22 21 20 28 15 11 1  
1  24 7  5  1  
1  30 2  26 10 4  25 1  

Point Location:
126 51  142 95  50  207 24  29  37  42  138 128 18  204 161 163 20  189 205 215 189 173 115 44  91  35  13  206 70  69  
106 77  144 12  185 125 188 80  101 18  44  147 77  197 32  216 121 156 218 68  94  105 168 180 28  44  83  19  117 78  

Total Distance:   1618.822772
Execution Time:   3.67  sec
Absolute Gap:     0.000000
Relative Gap:     0.000000
============= inst 5 end=============

