============= inst 50 =============
Route:
1  8  17 9  1  
1  12 23 7  10 30 2  1  
1  18 16 13 4  1  
1  19 28 5  15 22 1  
1  21 6  26 29 24 20 1  
1  27 25 11 14 3  1  

Point Location:
94  170 73  19  16  179 217 88  117 196 93  135 27  78  37  58  87  64  52  141 176 51  197 165 120 212 126 53  188 189 
97  76  185 111 18  171 73  66  77  84  175 15  161 192 67  146 56  138 22  211 136 88  13  188 134 186 113 8   201 94  

Total Distance:   1551.496593
Execution Time:   3.72  sec
Absolute Gap:     0.000000
Relative Gap:     0.000000
============= inst 50 end=============

