============= inst 500 =============
Route:
1  11 20 8  7  25 23 1  
1  12 21 2  10 16 1  
1  19 17 5  28 4  15 1  
1  22 6  9  1  
1  29 26 13 1  
1  30 27 18 24 14 3  1  

Point Location:
133 211 132 17  20  91  173 188 80  174 196 190 153 88  56  169 60  7   74  195 203 104 135 76  139 130 9   10  128 48  
107 183 185 97  67  106 15  11  94  178 67  102 66  214 71  179 24  196 60  60  152 127 52  202 40  80  184 76  108 139 

Total Distance:   1476.647348
Execution Time:   6.53  sec
Absolute Gap:     0.000000
Relative Gap:     0.000000
============= inst 500 end=============

