============= inst 501 =============
Route:
1  10 9  11 4  2  29 1  
1  14 3  8  7  1  
1  16 13 21 30 1  
1  17 6  27 25 19 26 1  
1  24 22 15 18 20 5  1  
1  28 12 23 1  

Point Location:
101 192 126 196 88  213 112 110 186 140 216 36  8   143 48  89  202 67  170 86  31  43  67  67  206 114 215 56  204 65  
143 151 37  158 45  84  63  58  218 201 169 144 217 27  41  172 84  22  90  15  187 71  133 68  72  126 53  148 135 175 

Total Distance:   1587.565886
Execution Time:   44.14  sec
Absolute Gap:     0.000000
Relative Gap:     0.000000
============= inst 501 end=============

