============= inst 502 =============
Route:
1  4  12 2  10 9  6  1  
1  5  14 26 1  
1  20 29 25 22 7  1  
1  21 23 11 15 13 3  1  
1  24 27 18 16 8  30 1  
1  28 19 17 1  

Point Location:
89  51  209 56  112 40  95  188 7   27  204 68  213 106 202 193 96  168 96  48  195 82  199 110 12  84  146 88  48  115 
102 190 87  147 110 126 21  206 117 169 38  163 56  109 44  171 60  92  51  59  12  15  28  93  28  109 84  59  58  185 

Total Distance:   1431.073598
Execution Time:   16.09  sec
Absolute Gap:     0.000000
Relative Gap:     0.000000
============= inst 502 end=============

