============= inst 503 =============
Route:
1  5  22 26 15 1  
1  11 25 19 28 8  24 1  
1  13 20 18 29 1  
1  16 14 7  3  6  12 1  
1  23 21 10 1  
1  27 9  2  30 17 4  1  

Point Location:
139 44  215 32  78  186 191 187 64  133 111 165 54  182 108 185 8   32  106 19  122 67  122 175 110 75  84  119 96  27  
142 26  184 80  111 218 194 43  23  141 54  202 125 186 113 175 40  145 21  145 115 77  101 94  27  77  27  19  195 8   

Total Distance:   1552.756760
Execution Time:   50.67  sec
Absolute Gap:     0.000000
Relative Gap:     0.000000
============= inst 503 end=============

