============= inst 504 =============
Route:
1  3  27 11 25 5  1  
1  8  20 7  1  
1  12 24 19 6  2  21 1  
1  13 29 28 26 18 10 1  
1  16 4  30 14 15 23 1  
1  17 9  22 1  

Point Location:
130 55  177 88  197 37  142 121 164 184 208 59  163 62  44  103 162 193 23  129 74  175 85  13  211 199 206 173 174 91  
54  36  71  168 18  33  54  13  101 122 58  107 123 166 159 141 101 123 51  21  34  78  102 73  27  166 81  212 206 193 

Total Distance:   1453.834818
Execution Time:   6.69  sec
Absolute Gap:     0.000000
Relative Gap:     0.000000
============= inst 504 end=============

