============= inst 505 =============
Route:
1  8  9  16 1  
1  10 6  30 3  7  1  
1  11 18 28 2  14 20 1  
1  12 15 22 17 21 19 1  
1  23 13 24 1  
1  27 26 5  29 4  25 1  

Point Location:
117 28  163 31  29  199 143 126 108 163 102 188 84  18  205 114 205 80  149 9   150 198 59  86  78  19  38  66  35  199 
90  166 21  23  68  54  33  120 111 63  206 97  88  163 83  85  125 207 146 141 149 106 113 73  33  86  105 206 33  39  

Total Distance:   1382.305952
Execution Time:   44.75  sec
Absolute Gap:     0.000000
Relative Gap:     0.000000
============= inst 505 end=============

