============= inst 506 =============
Route:
1  8  27 30 17 16 6  1  
1  9  12 7  20 5  19 1  
1  15 28 10 29 3  22 1  
1  21 26 11 1  
1  23 14 13 18 2  1  
1  25 4  24 1  

Point Location:
106 65  128 90  136 54  215 66  198 212 125 202 35  44  172 14  13  21  132 162 124 105 79  112 67  129 39  179 200 24  
106 159 206 41  36  95  10  76  78  197 65  75  131 104 115 83  12  199 30  51  85  153 105 56  44  75  63  135 194 36  

Total Distance:   1557.986721
Execution Time:   3.78  sec
Absolute Gap:     0.000000
Relative Gap:     0.000000
============= inst 506 end=============

