============= inst 507 =============
Route:
1  6  2  18 14 16 25 1  
1  24 20 13 23 3  17 1  
1  26 7  8  1  
1  27 21 9  4  12 22 1  
1  29 15 11 5  10 1  
1  30 19 28 1  

Point Location:
67  182 205 110 26  168 12  18  84  9   31  122 160 140 51  115 208 183 106 150 98  106 197 152 114 14  79  87  66  93  
92  33  86  199 173 51  60  13  192 142 206 170 154 27  164 28  70  21  75  179 171 161 143 198 34  88  157 89  158 37  

Total Distance:   1641.311983
Execution Time:   12.77  sec
Absolute Gap:     0.000000
Relative Gap:     0.000000
============= inst 507 end=============

