============= inst 508 =============
Route:
1  6  25 18 15 1  
1  10 29 8  13 9  1  
1  11 7  28 3  27 1  
1  14 24 19 16 30 5  1  
1  21 26 20 23 12 4  1  
1  22 2  17 1  

Point Location:
141 210 210 78  68  147 204 80  96  122 152 68  79  64  171 66  173 168 25  38  64  185 54  15  163 53  192 218 97  58  
75  98  21  73  133 143 14  152 93  138 67  82  141 112 126 162 81  151 213 72  15  97  78  108 187 45  61  9   144 150 

Total Distance:   1519.365707
Execution Time:   94.72  sec
Absolute Gap:     0.000000
Relative Gap:     0.000000
============= inst 508 end=============

