============= inst 509 =============
Route:
1  2  20 15 1  
1  3  9  8  19 4  1  
1  7  13 27 1  
1  12 21 10 5  18 25 1  
1  14 28 23 22 6  16 1  
1  17 29 11 30 24 26 1  

Point Location:
150 203 93  62  131 45  182 74  89  102 13  102 187 73  199 88  95  149 68  205 79  8   19  34  146 46  211 24  57  30  
115 66  192 171 24  116 133 214 201 13  32  38  145 138 27  123 72  59  192 52  21  147 170 79  73  98  209 203 32  78  

Total Distance:   1712.887341
Execution Time:   18.27  sec
Absolute Gap:     0.000000
Relative Gap:     0.000000
============= inst 509 end=============

