============= inst 51 =============
Route:
1  4  21 20 23 6  1  
1  9  27 15 1  
1  11 24 30 7  16 17 1  
1  22 8  10 19 1  
1  25 29 13 14 26 2  1  
1  28 5  3  12 18 1  

Point Location:
130 39  179 199 171 167 92  155 126 162 80  156 41  7   126 122 123 154 203 207 198 135 203 31  79  14  121 163 45  97  
95  71  172 120 170 142 196 19  44  27  163 196 12  36  96  169 118 166 42  149 138 8   163 217 34  83  47  158 44  216 

Total Distance:   1536.094722
Execution Time:   3.28  sec
Absolute Gap:     0.000000
Relative Gap:     0.000000
============= inst 51 end=============

