============= inst 510 =============
Route:
1  6  29 7  17 19 1  
1  16 26 28 12 3  14 1  
1  20 22 30 4  10 25 1  
1  23 13 18 1  
1  24 15 8  9  1  
1  27 2  5  11 21 1  

Point Location:
120 186 22  81  203 94  85  187 176 81  171 17  132 40  205 51  93  125 94  64  169 50  137 206 94  12  113 11  61  42  
97  182 48  178 140 56  10  78  85  178 119 46  143 42  51  91  7   131 41  115 120 170 90  30  155 108 206 39  10  176 

Total Distance:   1478.241314
Execution Time:   8.58  sec
Absolute Gap:     0.000000
Relative Gap:     0.000000
============= inst 510 end=============

