============= inst 511 =============
Route:
1  2  25 7  9  27 16 1  
1  5  3  18 1  
1  13 8  23 24 10 11 1  
1  17 30 6  1  
1  26 21 4  14 22 28 1  
1  29 12 19 15 20 1  

Point Location:
124 117 89  47  99  59  102 203 81  217 172 193 134 28  203 67  71  100 196 129 71  12  189 204 129 79  58  41  145 52  
86  157 128 136 85  26  205 184 202 80  80  70  154 167 30  173 64  116 67  35  138 106 119 101 178 146 218 97  73  45  

Total Distance:   1565.651851
Execution Time:   16.25  sec
Absolute Gap:     0.000000
Relative Gap:     0.000000
============= inst 511 end=============

