============= inst 512 =============
Route:
1  12 4  24 28 30 23 1  
1  14 2  13 27 21 1  
1  16 20 11 29 15 6  1  
1  18 3  7  10 9  8  1  
1  25 5  17 1  
1  26 19 22 1  

Point Location:
84  129 152 189 78  25  172 121 127 141 58  129 168 119 16  62  76  135 30  79  143 40  56  191 86  56  182 189 18  111 
157 127 186 32  176 86  216 192 189 215 26  97  117 131 66  63  169 181 186 31  159 174 102 30  174 210 171 28  21  60  

Total Distance:   1422.072364
Execution Time:   26.95  sec
Absolute Gap:     0.000000
Relative Gap:     0.000000
============= inst 512 end=============

