============= inst 513 =============
Route:
1  2  30 6  8  25 16 1  
1  5  11 22 21 14 1  
1  15 4  10 26 3  7  1  
1  17 23 12 1  
1  24 13 28 18 9  27 1  
1  29 19 20 1  

Point Location:
135 7   144 124 57  48  177 43  191 127 52  184 202 68  112 97  118 214 197 210 55  33  148 183 51  149 185 210 171 33  
78  130 190 185 72  180 125 153 137 199 50  21  201 30  171 106 62  145 96  73  30  36  37  153 140 210 134 170 90  164 

Total Distance:   1549.645353
Execution Time:   36.36  sec
Absolute Gap:     0.000000
Relative Gap:     0.000000
============= inst 513 end=============

