============= inst 514 =============
Route:
1  5  4  6  28 23 7  1  
1  18 8  29 13 11 24 1  
1  19 26 2  15 1  
1  20 25 14 1  
1  21 16 3  22 9  1  
1  27 30 12 17 10 1  

Point Location:
108 85  7   26  31  8   49  202 50  112 211 218 202 91  98  31  202 137 75  124 56  41  22  206 140 86  171 21  205 197 
152 25  160 20  33  40  102 29  181 192 107 174 44  125 39  149 218 11  75  101 147 186 66  135 74  39  178 54  28  178 

Total Distance:   1731.802888
Execution Time:   67.97  sec
Absolute Gap:     0.000000
Relative Gap:     0.000000
============= inst 514 end=============

