============= inst 515 =============
Route:
1  4  5  30 28 2  25 1  
1  6  16 8  1  
1  9  24 10 18 29 1  
1  14 12 13 20 7  27 1  
1  22 26 17 3  21 15 1  
1  23 11 19 1  

Point Location:
102 163 11  169 185 147 130 132 75  55  81  82  28  90  33  190 7   43  69  109 19  35  115 72  152 26  136 176 106 179 
83  160 54  118 132 66  207 96  54  52  84  164 208 118 52  79  66  8   90  200 46  118 79  56  161 86  205 179 9   188 

Total Distance:   1455.178793
Execution Time:   110.56  sec
Absolute Gap:     0.000000
Relative Gap:     0.000000
============= inst 515 end=============

