============= inst 516 =============
Route:
1  3  18 5  11 27 14 1  
1  10 16 17 4  25 30 1  
1  12 22 20 21 9  1  
1  13 6  28 1  
1  19 29 24 1  
1  26 15 7  8  2  23 1  

Point Location:
137 24  159 123 205 155 19  8   41  145 202 86  195 212 56  146 135 170 99  33  11  49  69  157 117 111 201 138 142 131 
71  134 171 211 186 11  188 189 109 155 171 21  45  110 188 212 203 174 89  43  73  35  119 81  213 177 142 9   93  165 

Total Distance:   1673.412427
Execution Time:   50.91  sec
Absolute Gap:     0.000000
Relative Gap:     0.000000
============= inst 516 end=============

