============= inst 517 =============
Route:
1  3  9  27 1  
1  13 20 29 10 4  7  1  
1  14 8  25 18 6  2  1  
1  19 26 17 16 1  
1  21 22 15 24 5  12 1  
1  23 11 28 30 1  

Point Location:
151 165 170 109 36  161 124 116 171 58  134 39  127 124 38  135 160 208 180 97  90  79  127 33  181 214 158 157 56  156 
84  144 43  18  144 163 14  207 41  11  136 113 76  193 213 24  10  202 63  77  140 167 136 178 216 33  53  138 64  94  

Total Distance:   1519.893936
Execution Time:   48.34  sec
Absolute Gap:     0.000000
Relative Gap:     0.000000
============= inst 517 end=============

