============= inst 518 =============
Route:
1  5  8  19 13 25 10 1  
1  6  12 3  11 23 21 1  
1  14 4  17 9  30 28 1  
1  18 16 27 1  
1  22 7  24 2  15 1  
1  26 29 20 1  

Point Location:
114 98  15  152 177 87  46  187 191 148 26  75  160 143 81  112 162 117 178 134 11  59  25  60  168 100 123 177 121 214 
110 202 29  35  139 50  211 162 56  144 41  13  190 41  174 24  57  44  189 89  129 151 78  202 163 84  42  118 51  101 

Total Distance:   1519.644147
Execution Time:   1.42  sec
Absolute Gap:     0.000000
Relative Gap:     0.000000
============= inst 518 end=============

