============= inst 519 =============
Route:
1  8  27 4  1  
1  11 10 15 21 18 25 1  
1  19 12 3  22 14 7  1  
1  20 16 2  17 24 1  
1  23 5  9  1  
1  30 13 29 28 26 6  1  

Point Location:
147 212 9   184 150 175 107 174 145 122 116 31  113 71  101 202 207 132 78  176 114 57  167 207 175 163 193 132 119 44  
110 80  149 129 137 60  139 113 131 170 142 149 10  197 192 72  99  201 132 70  206 199 122 102 208 33  126 45  26  30  

Total Distance:   1342.501695
Execution Time:   6.73  sec
Absolute Gap:     0.000000
Relative Gap:     0.000000
============= inst 519 end=============

