============= inst 52 =============
Route:
1  7  18 19 17 3  15 1  
1  8  10 22 16 1  
1  12 2  20 4  30 6  1  
1  24 11 23 5  1  
1  26 28 14 13 21 25 1  
1  29 9  27 1  

Point Location:
87  49  106 11  79  20  168 92  149 123 17  72  211 204 87  137 126 183 210 23  195 126 48  53  156 133 131 212 130 28  
149 28  38  42  142 85  41  89  176 91  167 69  142 194 51  108 30  35  20  23  139 94  142 188 168 213 172 205 163 60  

Total Distance:   1580.135647
Execution Time:   21.55  sec
Absolute Gap:     0.000000
Relative Gap:     0.000000
============= inst 52 end=============

