============= inst 520 =============
Route:
1  13 12 5  16 2  26 1  
1  14 7  10 21 6  15 1  
1  24 8  17 1  
1  25 23 9  1  
1  29 18 4  28 19 1  
1  30 22 20 11 3  27 1  

Point Location:
140 25  203 99  16  213 144 134 159 210 190 82  81  127 187 42  141 90  96  182 203 158 139 132 142 46  214 103 98  155 
71  80  13  52  202 121 195 44  93  172 16  213 198 142 129 169 40  64  21  25  164 30  115 51  80  76  41  48  86  27  

Total Distance:   1389.245974
Execution Time:   20.08  sec
Absolute Gap:     0.000000
Relative Gap:     0.000000
============= inst 520 end=============

