============= inst 521 =============
Route:
1  12 7  3  21 4  1  
1  13 28 26 1  
1  14 20 22 8  5  24 1  
1  16 23 10 18 19 2  1  
1  17 11 30 9  6  15 1  
1  25 27 29 1  

Point Location:
148 50  205 186 44  131 207 24  131 39  218 215 189 102 107 99  200 15  30  49  197 27  43  79  104 154 89  191 81  162 
130 105 204 165 173 9   217 189 14  68  16  140 146 121 11  61  52  72  113 156 179 172 44  149 198 110 218 142 177 33  

Total Distance:   1638.362094
Execution Time:   75.80  sec
Absolute Gap:     0.000000
Relative Gap:     0.000000
============= inst 521 end=============

