============= inst 522 =============
Route:
1  3  23 11 12 2  10 1  
1  9  20 17 21 1  
1  13 15 5  7  22 6  1  
1  14 27 19 25 1  
1  16 30 18 8  26 4  1  
1  29 24 28 1  

Point Location:
145 88  206 51  32  59  35  39  109 105 163 131 77  97  15  67  71  21  107 70  107 43  172 218 139 32  76  183 210 37  
117 31  74  90  146 145 136 73  90  65  28  22  149 151 198 54  82  42  193 73  99  133 36  188 154 91  179 178 120 23  

Total Distance:   1632.350365
Execution Time:   34.30  sec
Absolute Gap:     0.000000
Relative Gap:     0.000000
============= inst 522 end=============

