============= inst 523 =============
Route:
1  3  17 14 25 10 1  
1  4  12 8  1  
1  15 5  26 7  6  30 1  
1  18 23 16 11 28 9  1  
1  20 19 2  21 24 13 1  
1  22 29 27 1  

Point Location:
80  119 22  95  179 204 209 119 7   53  43  113 146 8   140 67  16  60  116 105 179 91  69  150 22  186 75  10  87  158 
143 39  187 170 126 187 180 171 54  133 19  197 68  117 133 42  181 86  83  108 16  101 60  63  100 161 93  53  85  214 

Total Distance:   1483.024679
Execution Time:   5.80  sec
Absolute Gap:     0.000000
Relative Gap:     0.000000
============= inst 523 end=============

