============= inst 524 =============
Route:
1  4  9  11 12 1  
1  13 24 2  20 3  30 1  
1  15 18 10 6  1  
1  16 22 21 1  
1  23 14 26 19 29 25 1  
1  27 8  5  7  17 28 1  

Point Location:
141 15  51  130 208 181 141 215 102 208 108 104 17  23  167 144 131 209 47  9   162 143 42  22  105 9   175 142 56  79  
104 61  64  50  218 79  192 208 34  96  53  74  8   132 114 135 193 142 201 69  148 137 90  41  120 203 168 173 170 77  

Total Distance:   1559.162861
Execution Time:   36.48  sec
Absolute Gap:     0.000000
Relative Gap:     0.000000
============= inst 524 end=============

