============= inst 525 =============
Route:
1  5  10 29 1  
1  13 6  3  24 8  25 1  
1  21 28 15 17 2  11 1  
1  22 23 16 30 1  
1  26 14 12 18 7  19 1  
1  27 9  20 4  1  

Point Location:
61  200 17  21  71  18  182 99  11  60  121 201 11  186 202 145 211 208 167 20  141 101 123 67  103 115 53  175 44  152 
142 198 24  185 105 66  22  82  212 101 144 80  119 102 151 217 211 72  48  187 123 193 215 14  87  112 181 127 151 196 

Total Distance:   1684.332574
Execution Time:   107.88  sec
Absolute Gap:     0.000000
Relative Gap:     0.000000
============= inst 525 end=============

