============= inst 526 =============
Route:
1  19 12 27 26 1  
1  20 8  15 1  
1  21 4  16 9  30 6  1  
1  22 13 10 17 3  24 1  
1  23 18 11 14 1  
1  28 7  25 29 2  5  1  

Point Location:
91  161 108 145 136 159 186 33  213 51  17  194 24  29  54  185 63  7   175 17  136 28  59  91  178 158 167 210 167 210 
65  149 191 21  114 55  176 79  13  193 165 90  214 173 66  12  200 140 99  13  29  183 104 154 179 70  72  130 159 16  

Total Distance:   1724.783277
Execution Time:   71.84  sec
Absolute Gap:     0.000000
Relative Gap:     0.000000
============= inst 526 end=============

