============= inst 527 =============
Route:
1  2  13 27 19 1  
1  3  10 29 11 23 1  
1  5  26 12 9  21 1  
1  8  30 6  7  25 22 1  
1  15 4  14 20 17 28 1  
1  18 16 24 1  

Point Location:
94  88  47  168 142 23  15  12  187 45  80  206 61  177 148 153 213 136 48  201 137 40  82  137 28  188 33  117 48  31  
152 210 121 88  203 58  28  97  126 100 96  172 205 84  85  167 24  179 174 54  117 74  122 154 17  210 211 33  84  83  

Total Distance:   1594.850032
Execution Time:   8.75  sec
Absolute Gap:     0.000000
Relative Gap:     0.000000
============= inst 527 end=============

