============= inst 528 =============
Route:
1  2  25 8  21 11 1  
1  13 5  3  26 14 23 1  
1  15 20 16 1  
1  22 24 7  1  
1  27 6  19 30 18 17 1  
1  28 4  12 29 10 9  1  

Point Location:
91  46  192 160 161 76  82  43  165 170 108 182 127 203 89  84  29  32  61  74  99  57  188 70  51  193 100 130 205 42  
111 43  205 57  202 187 73  18  137 128 45  43  192 144 117 153 146 159 173 147 26  87  149 56  36  187 161 76  24  164 

Total Distance:   1387.908987
Execution Time:   5.59  sec
Absolute Gap:     0.000000
Relative Gap:     0.000000
============= inst 528 end=============

