============= inst 529 =============
Route:
1  4  3  27 13 1  
1  6  12 7  9  28 30 1  
1  10 8  16 21 14 22 1  
1  15 2  17 5  11 26 1  
1  23 20 25 24 1  
1  29 18 19 1  

Point Location:
136 205 211 201 165 102 28  87  41  81  146 92  172 29  208 51  213 113 114 187 15  64  148 209 214 138 169 71  92  120 
138 50  204 158 17  132 136 45  110 60  22  132 182 69  56  18  29  166 160 98  32  91  111 111 75  42  208 119 163 115 

Total Distance:   1502.929574
Execution Time:   100.36  sec
Absolute Gap:     0.000000
Relative Gap:     0.000000
============= inst 529 end=============

