============= inst 53 =============
Route:
1  2  26 29 11 17 16 1  
1  13 18 14 1  
1  15 9  3  19 1  
1  21 12 7  20 22 23 1  
1  24 6  27 5  8  28 1  
1  25 10 30 4  1  

Point Location:
77  124 123 41  31  91  183 46  113 33  190 169 126 89  110 195 198 112 119 199 129 171 147 106 53  134 46  48  189 33  
143 99  136 163 71  16  184 85  147 196 65  218 183 174 146 122 88  181 133 172 216 174 187 109 192 77  50  111 13  182 

Total Distance:   1423.424889
Execution Time:   15.34  sec
Absolute Gap:     0.000000
Relative Gap:     0.000000
============= inst 53 end=============

