============= inst 530 =============
Route:
1  2  15 17 1  
1  16 4  18 21 26 1  
1  19 24 25 22 11 3  1  
1  23 6  13 30 7  9  1  
1  27 14 29 5  20 8  1  
1  28 12 10 1  

Point Location:
132 192 130 216 49  109 17  89  76  144 87  152 74  30  193 205 184 204 215 71  186 137 112 193 177 177 23  140 26  43  
126 68  58  180 21  198 162 49  148 120 38  97  204 47  51  130 65  172 56  35  170 7   196 26  9   175 105 113 13  173 

Total Distance:   1557.310020
Execution Time:   54.80  sec
Absolute Gap:     0.000000
Relative Gap:     0.000000
============= inst 530 end=============

