============= inst 531 =============
Route:
1  6  21 2  26 5  13 1  
1  9  4  24 23 29 20 1  
1  11 8  22 3  18 1  
1  17 28 25 1  
1  19 16 27 10 14 12 1  
1  30 7  15 1  

Point Location:
58  159 26  211 102 123 34  8   206 117 43  104 87  128 29  78  48  57  63  107 214 8   166 199 22  147 94  8   135 53  
70  13  135 154 46  92  9   116 143 182 96  123 64  145 23  153 76  109 146 114 63  119 141 159 46  25  177 67  131 21  

Total Distance:   1443.324822
Execution Time:   58.14  sec
Absolute Gap:     0.000000
Relative Gap:     0.000000
============= inst 531 end=============

