============= inst 532 =============
Route:
1  4  8  20 11 10 17 1  
1  13 18 27 1  
1  14 15 26 12 5  23 1  
1  28 25 6  3  7  16 1  
1  29 22 21 1  
1  30 19 9  2  24 1  

Point Location:
89  175 199 94  14  195 180 156 216 172 208 9   28  53  50  157 170 32  120 172 85  66  16  140 162 16  26  138 106 99  
93  76  129 192 124 144 131 189 13  181 210 128 34  171 214 130 177 59  8   204 88  132 110 54  154 168 77  143 141 25  

Total Distance:   1688.290411
Execution Time:   40.58  sec
Absolute Gap:     0.000000
Relative Gap:     0.000000
============= inst 532 end=============

