============= inst 533 =============
Route:
1  6  23 13 20 12 10 1  
1  9  3  19 8  14 30 1  
1  11 17 4  1  
1  16 18 26 21 29 1  
1  22 15 5  2  25 24 1  
1  28 27 7  1  

Point Location:
139 23  180 146 11  66  197 125 215 105 174 78  52  128 14  81  154 14  162 74  67  24  49  88  93  9   201 209 78  113 
160 22  26  192 19  103 128 19  23  95  154 84  98  72  29  144 176 135 9   95  212 78  102 31  15  218 129 95  176 83  

Total Distance:   1785.434815
Execution Time:   71.44  sec
Absolute Gap:     0.000000
Relative Gap:     0.000000
============= inst 533 end=============

