============= inst 534 =============
Route:
1  3  20 7  30 21 11 1  
1  5  26 10 6  9  13 1  
1  14 8  23 1  
1  16 22 4  18 24 1  
1  25 12 2  17 19 29 1  
1  27 28 15 1  

Point Location:
90  132 187 7   141 154 197 142 154 186 123 128 135 149 78  52  80  24  33  190 181 21  128 93  136 174 48  71  56  188 
69  200 99  112 123 165 93  56  150 162 22  179 120 48  41  82  203 108 215 99  9   77  64  97  154 157 16  36  161 25  

Total Distance:   1493.277690
Execution Time:   36.16  sec
Absolute Gap:     0.000000
Relative Gap:     0.000000
============= inst 534 end=============

