============= inst 535 =============
Route:
1  4  28 10 20 12 11 1  
1  6  23 13 5  21 2  1  
1  7  18 3  1  
1  9  8  16 29 24 14 1  
1  25 30 22 19 1  
1  27 17 15 26 1  

Point Location:
74  152 14  95  174 178 24  53  37  163 154 170 189 67  130 67  110 16  139 199 161 166 200 73  173 85  120 112 87  187 
98  39  114 177 12  62  56  176 166 207 166 177 31  159 18  206 47  84  116 191 14  113 59  170 144 34  65  198 203 118 

Total Distance:   1606.629378
Execution Time:   35.51  sec
Absolute Gap:     0.000000
Relative Gap:     0.000000
============= inst 535 end=============

