============= inst 536 =============
Route:
1  7  27 10 26 5  2  1  
1  12 24 30 1  
1  13 9  14 18 1  
1  20 11 15 3  17 22 1  
1  21 6  23 19 1  
1  28 4  25 29 8  16 1  

Point Location:
108 51  105 180 77  177 51  169 30  12  122 107 33  23  183 161 108 21  124 111 218 90  155 82  218 56  26  169 188 90  
145 57  7   101 24  201 100 87  152 49  63  127 148 163 12  105 35  165 167 59  211 59  194 107 82  21  82  132 82  144 

Total Distance:   1587.451367
Execution Time:   49.72  sec
Absolute Gap:     0.000000
Relative Gap:     0.000000
============= inst 536 end=============

