============= inst 537 =============
Route:
1  9  8  5  10 30 24 1  
1  14 19 15 20 3  1  
1  25 22 2  1  
1  26 29 13 1  
1  27 6  11 18 23 16 1  
1  28 17 7  12 4  21 1  

Point Location:
129 173 166 102 74  206 64  96  123 31  215 89  113 177 211 127 30  161 183 202 102 184 144 81  188 152 197 30  154 50  
124 123 47  30  172 129 64  178 140 152 204 51  96  99  46  163 62  199 96  49  87  122 175 154 121 105 119 62  97  129 

Total Distance:   1346.121366
Execution Time:   12.33  sec
Absolute Gap:     0.000000
Relative Gap:     0.000000
============= inst 537 end=============

