============= inst 538 =============
Route:
1  2  25 30 13 20 1  
1  4  23 24 1  
1  16 6  22 10 18 7  1  
1  19 3  8  9  15 17 1  
1  21 28 11 1  
1  26 12 5  29 27 14 1  

Point Location:
126 136 195 114 52  155 178 149 119 200 71  71  117 87  95  156 106 206 167 111 19  211 111 112 129 74  74  54  38  120 
161 125 30  195 47  176 127 58  77  154 181 65  105 21  77  169 88  144 69  97  135 203 216 170 123 88  21  175 9   109 

Total Distance:   1487.925591
Execution Time:   16.05  sec
Absolute Gap:     0.000000
Relative Gap:     0.000000
============= inst 538 end=============

