============= inst 539 =============
Route:
1  13 20 4  14 21 25 1  
1  16 11 7  5  10 1  
1  18 2  24 3  12 9  1  
1  26 6  27 23 30 22 1  
1  28 15 17 1  
1  29 19 8  1  

Point Location:
89  17  19  119 179 215 169 103 57  185 147 46  110 140 16  127 34  14  99  133 190 117 218 19  144 165 213 27  69  180 
127 164 203 15  177 103 204 178 207 174 190 213 95  10  49  199 50  136 189 53  18  127 170 168 73  76  151 61  178 147 

Total Distance:   1615.491482
Execution Time:   5.67  sec
Absolute Gap:     0.000000
Relative Gap:     0.000000
============= inst 539 end=============

