============= inst 54 =============
Route:
1  3  18 29 1  
1  7  16 15 8  1  
1  10 4  14 6  27 1  
1  12 2  25 30 21 19 1  
1  13 24 20 17 22 1  
1  28 11 9  5  26 23 1  

Point Location:
132 176 158 27  125 16  167 146 134 55  158 160 79  13  185 170 115 156 174 77  200 129 68  63  195 84  38  207 144 215 
111 182 48  132 16  126 141 112 19  116 18  185 133 153 144 139 209 44  107 185 112 168 45  153 200 41  97  15  54  148 

Total Distance:   1478.844132
Execution Time:   15.94  sec
Absolute Gap:     0.000000
Relative Gap:     0.000000
============= inst 54 end=============

