============= inst 540 =============
Route:
1  5  7  4  6  9  11 1  
1  8  14 30 1  
1  15 24 12 26 21 1  
1  17 29 16 2  18 19 1  
1  22 28 3  13 10 25 1  
1  27 20 23 1  

Point Location:
104 215 145 52  52  32  41  84  7   180 60  48  175 78  27  198 173 217 205 124 61  113 105 41  196 57  152 125 193 78  
129 162 8   78  100 43  102 175 25  94  25  199 9   170 141 167 159 150 111 165 171 53  135 171 110 207 128 13  158 153 

Total Distance:   1478.271031
Execution Time:   74.70  sec
Absolute Gap:     0.000000
Relative Gap:     0.000000
============= inst 540 end=============

