============= inst 541 =============
Route:
1  3  9  17 16 20 2  1  
1  8  23 6  21 1  
1  19 27 13 10 1  
1  25 26 7  12 29 4  1  
1  28 11 18 1  
1  30 14 24 22 15 5  1  

Point Location:
142 65  62  114 127 160 59  210 45  152 165 43  200 59  125 27  35  147 215 27  163 99  194 82  112 69  212 173 110 57  
132 215 133 90  144 209 32  198 127 58  93  15  17  163 150 154 137 98  76  177 191 174 203 184 101 88  48  114 18  160 

Total Distance:   1513.252055
Execution Time:   41.42  sec
Absolute Gap:     0.000000
Relative Gap:     0.000000
============= inst 541 end=============

