============= inst 542 =============
Route:
1  6  13 18 1  
1  9  5  22 10 11 1  
1  15 8  12 20 25 21 1  
1  19 17 23 2  27 3  1  
1  24 16 4  1  
1  29 7  26 28 14 30 1  

Point Location:
138 63  109 81  123 177 159 95  152 104 132 65  192 188 134 75  42  170 12  50  57  99  36  95  49  173 101 171 157 195 
89  203 133 71  201 58  190 36  165 187 158 31  79  146 34  75  146 104 124 55  77  193 172 95  81  198 164 190 173 138 

Total Distance:   1454.409485
Execution Time:   38.72  sec
Absolute Gap:     0.000000
Relative Gap:     0.000000
============= inst 542 end=============

