============= inst 543 =============
Route:
1  2  15 24 30 7  13 1  
1  4  14 10 23 1  
1  8  6  3  17 1  
1  11 5  18 1  
1  25 21 20 26 19 9  1  
1  27 28 16 12 29 22 1  

Point Location:
93  172 150 38  107 133 195 120 31  9   102 193 193 17  170 184 166 95  49  84  78  209 20  183 103 39  157 169 212 213 
75  166 47  8   131 56  112 57  159 101 106 70  94  9   182 71  66  125 165 208 175 31  118 206 141 184 91  81  50  207 

Total Distance:   1617.809684
Execution Time:   96.50  sec
Absolute Gap:     0.000000
Relative Gap:     0.000000
============= inst 543 end=============

