============= inst 544 =============
Route:
1  2  12 26 20 19 1  
1  4  3  6  1  
1  15 14 22 18 11 30 1  
1  21 25 16 7  9  27 1  
1  23 10 24 17 5  1  
1  28 8  13 29 1  

Point Location:
129 40  162 141 174 143 182 15  171 183 82  39  13  27  71  212 189 17  86  45  169 9   177 203 183 26  166 107 67  97  
96  107 132 127 79  95  211 174 217 12  17  110 173 52  70  214 69  14  75  84  131 43  19  33  153 96  160 143 139 36  

Total Distance:   1498.073908
Execution Time:   16.28  sec
Absolute Gap:     0.000000
Relative Gap:     0.000000
============= inst 544 end=============

