============= inst 545 =============
Route:
1  5  12 2  1  
1  6  19 17 23 16 15 1  
1  14 30 21 9  11 20 1  
1  18 22 10 26 24 1  
1  25 13 27 1  
1  29 4  3  7  28 8  1  

Point Location:
144 149 137 114 162 47  166 159 21  205 54  159 191 49  74  70  15  186 22  68  15  197 49  203 197 218 188 157 94  9   
135 184 27  25  168 125 11  85  15  47  8   185 213 91  149 159 197 73  162 53  89  44  186 100 178 83  215 81  21  115 

Total Distance:   1660.046978
Execution Time:   25.09  sec
Absolute Gap:     0.000000
Relative Gap:     0.000000
============= inst 545 end=============

