============= inst 546 =============
Route:
1  10 18 17 1  
1  16 14 9  1  
1  21 4  28 6  23 2  1  
1  22 19 13 20 12 8  1  
1  25 3  30 24 27 11 1  
1  26 29 15 7  5  1  

Point Location:
116 67  189 52  198 26  199 131 72  114 206 203 143 25  206 71  79  94  92  193 77  118 37  203 162 190 215 36  193 199 
68  126 105 205 12  185 11  113 40  75  95  183 182 47  12  15  74  86  177 209 172 134 175 111 116 67  102 192 56  113 

Total Distance:   1517.986441
Execution Time:   19.55  sec
Absolute Gap:     0.000000
Relative Gap:     0.000000
============= inst 546 end=============

