============= inst 547 =============
Route:
1  6  11 16 9  1  
1  10 17 8  19 22 29 1  
1  15 14 27 1  
1  21 13 28 20 26 24 1  
1  23 18 2  7  1  
1  25 3  5  12 30 4  1  

Point Location:
130 71  35  87  51  131 63  44  108 51  121 28  102 211 160 113 38  86  20  144 113 41  92  164 93  182 204 120 97  49  
132 102 24  83  62  89  113 174 90  213 81  81  175 23  57  69  216 103 143 209 147 152 104 141 19  194 91  212 144 80  

Total Distance:   1531.081825
Execution Time:   12.05  sec
Absolute Gap:     0.000000
Relative Gap:     0.000000
============= inst 547 end=============

