============= inst 548 =============
Route:
1  7  22 3  1  
1  10 12 14 1  
1  13 23 4  16 21 27 1  
1  17 25 26 28 29 2  1  
1  18 9  6  8  24 30 1  
1  19 20 15 11 5  1  

Point Location:
70  195 130 39  9   211 115 193 214 36  44  37  60  44  50  61  106 156 60  73  81  139 19  166 119 162 105 218 205 114 
114 172 60  201 25  125 65  145 87  100 16  119 161 122 32  208 166 70  64  41  190 24  200 126 180 176 173 214 175 115 

Total Distance:   1593.189028
Execution Time:   45.53  sec
Absolute Gap:     0.000000
Relative Gap:     0.000000
============= inst 548 end=============

