============= inst 549 =============
Route:
1  2  15 14 29 7  10 1  
1  9  25 26 1  
1  11 22 27 12 1  
1  13 24 17 8  1  
1  18 23 5  28 4  19 1  
1  21 16 6  3  30 20 1  

Point Location:
63  53  69  126 194 65  28  23  87  40  50  32  8   20  61  62  9   137 84  92  71  45  204 9   41  32  45  174 20  76  
102 176 18  200 123 12  185 58  117 161 26  15  80  218 201 20  49  45  207 38  25  26  97  51  123 106 25  217 199 14  

Total Distance:   1467.392738
Execution Time:   3.28  sec
Absolute Gap:     0.000000
Relative Gap:     0.000000
============= inst 549 end=============

