============= inst 55 =============
Route:
1  5  15 29 21 7  26 1  
1  11 25 9  3  24 1  
1  12 27 17 1  
1  18 14 23 2  13 16 1  
1  20 28 10 1  
1  30 4  19 6  22 8  1  

Point Location:
80  191 12  198 106 200 76  153 10  115 77  78  209 166 77  141 95  129 210 137 38  184 160 30  41  69  96  119 65  182 
65  175 137 28  149 80  148 69  151 90  90  50  160 180 203 115 47  134 49  94  187 97  203 86  155 131 28  94  203 18  

Total Distance:   1521.404916
Execution Time:   57.59  sec
Absolute Gap:     0.000000
Relative Gap:     0.000000
============= inst 55 end=============

