============= inst 550 =============
Route:
1  16 26 23 27 1  
1  17 15 19 30 1  
1  20 10 2  12 5  14 1  
1  22 8  4  11 9  18 1  
1  25 29 7  1  
1  28 3  21 13 6  24 1  

Point Location:
145 43  18  143 83  92  107 116 211 35  174 78  106 118 190 167 167 189 180 89  53  139 197 93  136 216 152 31  102 178 
138 18  200 16  51  185 143 8   12  40  7   41  217 108 102 142 108 34  119 95  210 47  191 163 128 173 183 142 117 133 

Total Distance:   1527.678193
Execution Time:   89.75  sec
Absolute Gap:     0.000000
Relative Gap:     0.000000
============= inst 550 end=============

