============= inst 551 =============
Route:
1  11 26 5  1  
1  14 24 6  1  
1  16 3  2  25 18 1  
1  21 23 29 8  19 10 1  
1  22 17 28 7  12 15 1  
1  27 30 13 20 9  4  1  

Point Location:
97  27  43  138 43  162 215 9   155 20  98  190 204 177 169 77  205 46  17  205 121 208 89  176 20  71  154 212 54  205 
77  26  10  197 57  46  96  201 184 166 88  100 161 62  116 16  78  45  175 191 201 62  213 36  36  105 140 83  205 154 

Total Distance:   1627.414087
Execution Time:   9.03  sec
Absolute Gap:     0.000000
Relative Gap:     0.000000
============= inst 551 end=============

