============= inst 552 =============
Route:
1  2  21 16 17 7  1  
1  4  9  5  8  13 22 1  
1  10 26 27 6  15 11 1  
1  20 23 14 12 3  18 1  
1  24 30 29 1  
1  28 25 19 1  

Point Location:
112 31  163 75  24  103 59  14  46  151 120 183 65  213 120 15  47  158 151 173 11  99  180 94  119 153 138 108 126 94  
100 29  51  144 135 208 16  168 150 198 166 57  193 41  183 9   13  85  140 111 23  169 104 51  104 208 197 96  43  44  

Total Distance:   1442.448529
Execution Time:   108.28  sec
Absolute Gap:     0.000000
Relative Gap:     0.000000
============= inst 552 end=============

