============= inst 553 =============
Route:
1  2  11 22 23 1  
1  13 6  4  10 18 27 1  
1  16 9  19 17 20 12 1  
1  24 30 15 8  1  
1  26 25 14 3  7  28 1  
1  29 5  21 1  

Point Location:
137 192 47  12  88  14  61  122 214 44  211 152 75  34  161 212 169 92  194 163 89  183 163 144 61  77  118 64  82  155 
116 162 53  194 46  192 50  211 38  209 194 102 163 48  210 112 46  196 52  62  48  161 146 177 102 118 165 42  36  193 

Total Distance:   1533.519570
Execution Time:   20.55  sec
Absolute Gap:     0.000000
Relative Gap:     0.000000
============= inst 553 end=============

