============= inst 554 =============
Route:
1  8  19 29 1  
1  10 18 7  5  23 6  1  
1  13 20 15 12 1  
1  24 2  17 9  1  
1  25 28 22 26 27 3  1  
1  30 14 21 16 4  11 1  

Point Location:
130 190 100 200 50  112 17  161 173 43  163 70  74  189 49  213 203 40  154 68  216 48  87  179 77  86  109 9   137 187 
92  101 38  153 209 180 211 115 68  159 203 113 140 123 157 152 36  160 136 151 118 14  186 106 54  12  28  24  151 123 

Total Distance:   1585.486362
Execution Time:   10.58  sec
Absolute Gap:     0.000000
Relative Gap:     0.000000
============= inst 554 end=============

