============= inst 555 =============
Route:
1  8  18 24 1  
1  9  12 30 21 28 26 1  
1  17 16 3  1  
1  20 7  10 22 2  5  1  
1  25 19 13 23 29 1  
1  27 11 14 15 4  6  1  

Point Location:
119 52  128 216 68  188 45  113 140 25  190 181 18  187 189 134 111 131 24  78  196 16  62  155 75  132 173 186 73  203 
132 119 53  61  124 112 26  94  148 57  50  148 181 28  8   27  62  85  198 12  218 84  169 92  193 164 65  202 167 177 

Total Distance:   1566.982799
Execution Time:   10.20  sec
Absolute Gap:     0.000000
Relative Gap:     0.000000
============= inst 555 end=============

