============= inst 556 =============
Route:
1  4  19 2  10 23 1  
1  11 7  20 21 6  24 1  
1  12 29 28 30 16 1  
1  15 17 22 5  27 26 1  
1  18 8  3  1  
1  25 9  13 14 1  

Point Location:
77  22  75  7   195 83  38  91  38  20  7   132 32  11  130 102 201 79  11  69  83  173 31  81  44  181 190 200 160 124 
90  131 79  101 76  209 213 84  52  134 198 188 24  52  26  111 14  99  106 215 213 59  135 176 59  102 83  187 196 142 

Total Distance:   1477.446108
Execution Time:   12.25  sec
Absolute Gap:     0.000000
Relative Gap:     0.000000
============= inst 556 end=============

