============= inst 557 =============
Route:
1  12 17 20 6  11 26 1  
1  15 24 22 4  10 1  
1  16 7  8  23 2  27 1  
1  21 30 3  1  
1  28 25 13 1  
1  29 5  9  14 19 18 1  

Point Location:
71  23  43  84  132 215 62  41  139 73  177 151 10  196 110 43  155 140 190 206 43  83  19  103 26  169 15  53  100 38  
112 66  139 171 48  190 10  18  29  162 161 169 158 15  162 35  173 110 42  210 127 216 19  182 172 160 85  163 24  142 

Total Distance:   1540.105442
Execution Time:   4.28  sec
Absolute Gap:     0.000000
Relative Gap:     0.000000
============= inst 557 end=============

