============= inst 558 =============
Route:
1  7  8  20 6  16 1  
1  12 11 26 3  27 1  
1  13 2  5  24 4  1  
1  21 18 15 25 30 1  
1  22 17 9  1  
1  29 10 19 23 14 28 1  

Point Location:
130 75  94  54  15  203 99  136 164 40  115 130 121 43  197 171 165 151 29  179 142 162 14  18  199 104 81  62  36  171 
116 50  195 81  23  12  10  18  59  178 187 133 107 130 218 28  58  179 160 18  168 67  113 49  180 217 181 130 196 159 

Total Distance:   1618.835856
Execution Time:   13.74  sec
Absolute Gap:     0.000000
Relative Gap:     0.000000
============= inst 558 end=============

