============= inst 559 =============
Route:
1  3  21 14 16 25 7  1  
1  4  15 5  17 9  1  
1  6  22 30 1  
1  10 8  11 29 13 26 1  
1  18 20 12 1  
1  23 27 24 19 2  28 1  

Point Location:
147 42  90  121 149 169 66  217 214 194 193 148 151 24  138 38  201 177 8   164 7   189 90  11  60  137 36  101 174 181 
101 191 50  36  30  136 83  143 13  128 177 97  182 80  23  103 21  93  201 88  16  147 109 170 80  171 130 142 184 126 

Total Distance:   1482.917147
Execution Time:   4.08  sec
Absolute Gap:     0.000000
Relative Gap:     0.000000
============= inst 559 end=============

