============= inst 56 =============
Route:
1  2  12 25 15 20 11 1  
1  3  17 29 1  
1  4  23 8  1  
1  6  21 14 5  7  30 1  
1  16 22 10 13 18 1  
1  19 28 27 9  24 26 1  

Point Location:
82  58  55  88  202 113 177 81  104 208 35  21  156 204 30  145 37  154 139 16  176 216 99  80  17  54  130 134 60  145 
77  206 26  19  145 113 119 87  170 66  144 202 77  179 173 33  40  94  152 146 151 8   34  168 185 165 207 201 54  115 

Total Distance:   1647.177024
Execution Time:   52.31  sec
Absolute Gap:     0.000000
Relative Gap:     0.000000
============= inst 56 end=============

