============= inst 560 =============
Route:
1  7  14 9  2  16 25 1  
1  15 30 21 1  
1  17 13 10 1  
1  18 27 22 8  4  3  1  
1  26 6  19 24 11 5  1  
1  29 12 28 23 20 1  

Point Location:
122 123 185 202 21  35  58  200 105 112 15  193 95  56  106 137 106 142 43  102 84  201 127 28  126 75  178 159 181 76  
98  206 67  77  56  146 179 86  208 148 74  14  167 208 120 209 141 131 122 37  97  143 28  93  177 152 183 11  52  112 

Total Distance:   1491.830487
Execution Time:   13.34  sec
Absolute Gap:     0.000000
Relative Gap:     0.000000
============= inst 560 end=============

