============= inst 561 =============
Route:
1  2  28 4  29 1  
1  9  3  22 11 12 10 1  
1  18 8  19 26 1  
1  21 15 14 1  
1  24 6  30 5  20 13 1  
1  27 16 23 17 7  25 1  

Point Location:
140 172 99  165 32  120 70  204 155 95  74  59  52  116 145 21  60  180 216 36  149 87  52  139 77  149 14  200 164 83  
96  87  19  63  210 198 37  131 23  59  12  9   162 129 119 89  37  109 165 181 108 11  56  204 66  155 96  66  64  205 

Total Distance:   1466.708878
Execution Time:   65.16  sec
Absolute Gap:     0.000000
Relative Gap:     0.000000
============= inst 561 end=============

