============= inst 562 =============
Route:
1  8  9  19 17 11 15 1  
1  12 16 22 1  
1  14 13 25 1  
1  20 3  21 2  24 10 1  
1  23 27 18 4  7  5  1  
1  28 30 6  29 26 1  

Point Location:
65  27  29  75  103 120 101 196 210 72  165 51  114 109 121 39  197 60  206 44  9   41  15  45  75  118 41  209 117 170 
106 20  33  217 168 9   194 149 180 29  190 79  125 151 172 114 184 177 194 47  22  121 155 10  103 58  189 71  19  16  

Total Distance:   1567.761565
Execution Time:   16.77  sec
Absolute Gap:     0.000000
Relative Gap:     0.000000
============= inst 562 end=============

