============= inst 563 =============
Route:
1  2  12 27 1  
1  10 5  16 4  13 28 1  
1  15 9  14 11 25 1  
1  23 22 18 8  6  19 1  
1  24 26 17 3  20 7  1  
1  29 21 30 1  

Point Location:
155 207 55  17  14  90  121 67  191 93  182 214 31  202 186 26  8   66  85  109 161 127 143 82  163 41  197 54  179 136 
89  93  213 70  8   83  171 101 134 10  160 62  64  139 127 35  195 130 58  185 28  116 101 138 189 176 70  60  9   67  

Total Distance:   1618.446617
Execution Time:   33.70  sec
Absolute Gap:     0.000000
Relative Gap:     0.000000
============= inst 563 end=============

