============= inst 564 =============
Route:
1  7  10 24 8  2  28 1  
1  11 29 21 1  
1  15 14 26 13 1  
1  18 19 20 6  9  1  
1  22 5  16 4  25 3  1  
1  23 30 12 27 17 1  

Point Location:
89  193 178 216 199 83  170 199 69  175 110 25  99  127 127 214 44  45  40  71  75  185 62  205 215 95  22  171 89  18  
121 116 50  18  63  201 185 116 167 218 138 108 61  30  72  31  107 155 204 205 112 66  69  160 19  48  121 112 126 24  

Total Distance:   1524.775095
Execution Time:   13.59  sec
Absolute Gap:     0.000000
Relative Gap:     0.000000
============= inst 564 end=============

