============= inst 565 =============
Route:
1  8  13 16 12 11 3  1  
1  9  2  17 28 7  22 1  
1  10 29 5  19 1  
1  20 14 24 26 1  
1  21 18 15 1  
1  27 6  23 4  30 25 1  

Point Location:
123 40  65  205 140 212 76  13  41  95  72  73  24  212 115 48  56  148 144 218 138 92  201 208 145 159 173 63  116 166 
119 14  177 13  185 74  68  130 58  180 190 211 160 158 96  184 9   119 187 134 140 81  58  190 54  155 104 55  184 65  

Total Distance:   1518.019780
Execution Time:   8.55  sec
Absolute Gap:     0.000000
Relative Gap:     0.000000
============= inst 565 end=============

