============= inst 566 =============
Route:
1  11 27 24 1  
1  15 25 18 14 2  22 1  
1  20 4  26 29 7  10 1  
1  21 5  17 1  
1  23 9  6  30 16 3  1  
1  28 12 8  13 19 1  

Point Location:
87  214 172 34  30  214 27  134 182 18  49  134 151 160 87  194 37  163 123 83  63  192 158 60  102 14  49  123 15  192 
113 216 119 17  169 61  56  29  97  85  124 35  52  200 170 100 171 189 86  46  137 180 98  115 160 37  112 55  48  97  

Total Distance:   1433.044088
Execution Time:   9.31  sec
Absolute Gap:     0.000000
Relative Gap:     0.000000
============= inst 566 end=============

