============= inst 567 =============
Route:
1  10 17 27 7  23 12 1  
1  13 6  3  9  14 1  
1  15 24 29 1  
1  18 21 25 22 28 5  1  
1  20 11 4  2  16 1  
1  30 19 26 8  1  

Point Location:
104 25  211 49  74  163 13  151 187 47  15  47  115 158 129 80  41  150 193 60  142 124 23  130 126 201 34  98  118 152 
137 151 182 114 38  198 210 115 151 191 61  166 212 153 174 155 200 59  94  96  44  31  185 157 27  110 218 49  130 93  

Total Distance:   1492.850284
Execution Time:   41.63  sec
Absolute Gap:     0.000000
Relative Gap:     0.000000
============= inst 567 end=============

