============= inst 568 =============
Route:
1  7  23 30 1  
1  16 8  2  4  15 18 1  
1  17 9  12 10 1  
1  19 3  14 29 6  5  1  
1  20 22 24 11 26 1  
1  25 21 28 13 27 1  

Point Location:
84  181 52  172 49  14  81  211 54  43  149 9   167 45  166 153 56  130 62  104 138 134 72  138 113 123 116 135 18  70  
71  90  181 107 95  83  61  56  25  49  13  18  181 190 103 53  22  98  162 10  121 11  44  9   99  20  157 134 177 75  

Total Distance:   1387.724594
Execution Time:   6.16  sec
Absolute Gap:     0.000000
Relative Gap:     0.000000
============= inst 568 end=============

