============= inst 569 =============
Route:
1  3  19 17 25 4  1  
1  13 2  12 28 30 27 1  
1  18 15 9  1  
1  21 16 7  8  5  23 1  
1  24 10 6  1  
1  26 22 29 11 20 14 1  

Point Location:
105 53  41  89  202 115 207 210 105 114 184 46  62  133 107 183 18  88  29  208 168 118 166 104 8   127 92  27  123 82  
141 87  126 165 69  178 97  87  120 193 17  81  91  83  94  136 170 89  115 15  130 54  71  218 204 63  38  38  35  25  

Total Distance:   1531.460102
Execution Time:   29.42  sec
Absolute Gap:     0.000000
Relative Gap:     0.000000
============= inst 569 end=============

