============= inst 57 =============
Route:
1  9  24 18 14 8  19 1  
1  10 27 7  3  20 11 1  
1  13 12 26 1  
1  17 2  23 5  28 21 1  
1  29 22 4  1  
1  30 16 6  25 15 1  

Point Location:
125 117 137 174 161 20  111 55  78  123 164 94  114 34  52  69  102 57  62  196 131 205 138 60  28  122 100 153 168 91  
115 50  207 127 65  55  209 153 157 146 172 130 113 193 90  58  66  198 155 187 87  141 13  202 106 117 169 78  139 76  

Total Distance:   1337.663761
Execution Time:   24.91  sec
Absolute Gap:     0.000000
Relative Gap:     0.000000
============= inst 57 end=============

