============= inst 570 =============
Route:
1  5  20 2  4  25 1  
1  8  9  24 30 14 1  
1  10 3  27 19 29 28 1  
1  11 23 17 1  
1  13 16 21 18 1  
1  15 26 6  7  22 12 1  

Point Location:
159 180 49  215 167 7   15  194 215 66  153 80  115 154 78  97  148 128 29  172 100 43  126 203 208 67  54  122 68  180 
97  214 125 216 164 18  38  94  33  103 98  67  71  72  53  61  119 90  181 214 75  65  138 27  156 17  132 159 197 50  

Total Distance:   1497.413315
Execution Time:   103.80  sec
Absolute Gap:     0.000000
Relative Gap:     0.000000
============= inst 570 end=============

