============= inst 571 =============
Route:
1  6  16 25 23 15 1  
1  8  7  20 2  26 4  1  
1  13 5  12 10 19 1  
1  18 30 3  21 28 14 1  
1  24 22 9  1  
1  27 11 29 17 1  

Point Location:
107 194 112 136 85  163 206 194 78  93  46  97  76  129 159 198 57  113 100 215 145 106 189 108 217 158 77  148 43  113 
119 28  31  63  196 166 42  41  83  198 26  216 188 57  208 176 92  47  160 11  9   81  201 120 202 48  49  43  84  39  

Total Distance:   1444.396572
Execution Time:   8.98  sec
Absolute Gap:     0.000000
Relative Gap:     0.000000
============= inst 571 end=============

