============= inst 572 =============
Route:
1  7  8  4  1  
1  12 26 9  22 20 21 1  
1  15 24 2  30 11 1  
1  17 18 3  1  
1  19 10 6  23 27 5  1  
1  29 14 13 28 25 16 1  

Point Location:
92  15  80  71  166 193 93  80  70  158 60  100 145 103 46  138 106 80  156 28  47  43  194 30  117 112 184 119 54  12  
141 120 108 137 145 123 136 130 182 117 147 160 27  12  113 91  110 106 96  192 163 195 124 127 82  183 162 45  35  145 

Total Distance:   1210.883250
Execution Time:   20.45  sec
Absolute Gap:     0.000000
Relative Gap:     0.000000
============= inst 572 end=============

