============= inst 573 =============
Route:
1  4  21 17 14 8  29 1  
1  5  28 20 15 2  1  
1  9  3  6  13 18 22 1  
1  16 7  27 12 30 11 1  
1  23 19 26 1  
1  25 10 24 1  

Point Location:
116 214 45  131 122 13  12  170 53  64  62  42  7   168 215 41  127 25  73  150 118 39  105 53  96  69  32  142 155 47  
99  100 29  162 43  49  163 158 43  48  186 195 61  194 61  143 198 120 168 34  205 113 165 52  44  157 201 17  164 179 

Total Distance:   1591.757693
Execution Time:   5.83  sec
Absolute Gap:     0.000000
Relative Gap:     0.000000
============= inst 573 end=============

