============= inst 574 =============
Route:
1  2  6  29 1  
1  17 20 15 13 1  
1  19 9  14 16 1  
1  23 4  3  8  5  12 1  
1  24 18 28 7  10 26 1  
1  25 22 21 27 11 30 1  

Point Location:
126 90  189 188 145 105 20  144 42  38  207 161 78  32  78  49  99  41  69  94  199 193 175 47  152 46  198 34  116 143 
123 167 13  38  15  217 41  13  172 74  192 48  68  136 40  125 77  37  151 54  157 89  71  54  85  103 172 13  183 167 

Total Distance:   1573.417406
Execution Time:   53.33  sec
Absolute Gap:     0.000000
Relative Gap:     0.000000
============= inst 574 end=============

