============= inst 575 =============
Route:
1  9  16 6  21 3  5  1  
1  13 15 2  24 12 1  
1  14 23 19 29 10 28 1  
1  18 7  8  1  
1  20 30 25 22 26 4  1  
1  27 11 17 1  

Point Location:
87  18  175 38  156 207 133 120 182 194 83  25  17  105 13  196 108 98  166 116 192 10  184 7   55  19  66  178 171 99  
91  58  41  116 42  36  102 94  70  114 8   68  15  138 22  39  34  93  125 167 15  154 162 70  202 132 30  88  108 209 

Total Distance:   1514.067306
Execution Time:   5.42  sec
Absolute Gap:     0.000000
Relative Gap:     0.000000
============= inst 575 end=============

