============= inst 576 =============
Route:
1  9  25 18 5  10 26 1  
1  16 17 30 8  1  
1  20 12 4  3  23 2  1  
1  21 11 15 14 7  1  
1  24 22 6  13 29 1  
1  28 27 19 1  

Point Location:
136 117 27  44  150 188 160 27  206 108 199 73  170 185 197 49  19  164 166 114 178 200 50  195 212 115 166 135 164 19  
130 189 186 178 21  157 76  107 51  38  96  168 201 68  73  156 154 26  112 158 103 159 200 135 21  101 93  125 169 115 

Total Distance:   1431.570179
Execution Time:   48.72  sec
Absolute Gap:     0.000000
Relative Gap:     0.000000
============= inst 576 end=============

