============= inst 577 =============
Route:
1  4  8  2  27 1  
1  7  21 22 17 5  1  
1  9  3  29 10 1  
1  15 26 24 23 16 13 1  
1  20 14 28 18 1  
1  25 6  12 11 30 19 1  

Point Location:
113 196 61  187 129 133 121 189 78  18  66  91  211 33  161 214 136 50  101 18  138 156 213 167 167 162 164 30  32  78  
130 137 37  106 83  210 32  113 41  105 213 213 88  155 68  48  61  146 169 185 23  44  11  29  194 35  142 143 38  178 

Total Distance:   1632.065844
Execution Time:   5.64  sec
Absolute Gap:     0.000000
Relative Gap:     0.000000
============= inst 577 end=============

