============= inst 578 =============
Route:
1  3  25 24 6  28 8  1  
1  13 12 11 7  4  5  1  
1  17 19 10 1  
1  20 22 15 23 9  27 1  
1  21 18 16 1  
1  26 30 14 29 2  1  

Point Location:
155 173 62  102 127 41  95  103 217 171 69  43  43  134 184 175 189 189 182 141 175 153 205 9   39  119 207 60  137 106 
118 172 170 33  68  99  9   76  93  62  21  20  51  204 29  103 61  130 58  37  124 17  34  107 208 125 111 86  191 152 

Total Distance:   1530.558815
Execution Time:   26.89  sec
Absolute Gap:     0.000000
Relative Gap:     0.000000
============= inst 578 end=============

