============= inst 579 =============
Route:
1  3  29 19 1  
1  10 16 14 1  
1  20 12 24 5  6  1  
1  26 23 8  11 9  18 1  
1  27 4  13 17 30 21 1  
1  28 2  22 15 7  25 1  

Point Location:
146 50  172 197 211 188 53  77  42  114 67  157 198 118 22  104 140 89  161 133 166 20  107 176 92  109 218 60  189 146 
115 87  126 199 40  67  121 203 145 122 188 19  218 141 94  137 218 140 111 20  183 89  161 40  104 147 172 49  104 206 

Total Distance:   1418.151536
Execution Time:   11.42  sec
Absolute Gap:     0.000000
Relative Gap:     0.000000
============= inst 579 end=============

