============= inst 58 =============
Route:
1  2  28 16 17 15 1  
1  7  22 30 24 6  8  1  
1  14 21 20 26 4  10 1  
1  18 9  19 29 11 27 1  
1  23 12 13 1  
1  25 3  5  1  

Point Location:
72  143 98  28  57  213 155 146 76  11  127 14  63  47  102 169 140 73  68  23  43  159 25  201 98  23  128 183 80  172 
157 132 86  90  97  96  53  112 15  126 17  191 189 78  213 209 216 40  7   59  80  56  167 54  102 62  80  198 9   35  

Total Distance:   1663.772428
Execution Time:   48.02  sec
Absolute Gap:     0.000000
Relative Gap:     0.000000
============= inst 58 end=============

