============= inst 580 =============
Route:
1  6  12 11 17 27 1  
1  16 22 23 1  
1  18 2  4  26 8  5  1  
1  24 14 20 15 21 3  1  
1  28 30 13 1  
1  29 25 19 10 9  7  1  

Point Location:
110 206 128 195 162 161 89  183 93  34  202 191 94  28  62  75  212 211 10  10  116 68  65  21  22  190 174 82  17  79  
82  151 161 202 161 113 36  165 25  9   37  47  71  149 193 108 33  118 41  160 186 121 102 117 44  210 9   98  55  72  

Total Distance:   1542.240566
Execution Time:   87.49  sec
Absolute Gap:     0.000000
Relative Gap:     0.000000
============= inst 580 end=============

