============= inst 581 =============
Route:
1  2  14 16 13 26 1  
1  9  19 18 30 3  27 1  
1  11 12 25 1  
1  20 7  23 5  29 10 1  
1  22 4  6  15 28 17 1  
1  24 21 8  1  

Point Location:
136 106 157 168 34  177 53  120 116 76  90  83  45  96  185 21  217 118 114 55  159 168 51  141 111 108 171 202 71  144 
83  39  185 36  207 26  155 100 142 153 50  38  90  11  54  17  87  158 157 156 126 47  170 99  63  82  191 48  188 180 

Total Distance:   1423.308189
Execution Time:   56.83  sec
Absolute Gap:     0.000000
Relative Gap:     0.000000
============= inst 581 end=============

