============= inst 582 =============
Route:
1  4  6  30 13 17 8  1  
1  10 14 27 1  
1  12 21 23 2  18 7  1  
1  19 5  26 1  
1  20 15 28 25 9  3  1  
1  29 22 16 24 11 1  

Point Location:
90  166 77  128 73  152 141 132 49  107 56  103 198 127 22  86  206 213 90  27  144 88  153 83  38  120 104 17  89  191 
144 47  161 165 210 180 85  155 176 164 68  96  167 161 126 63  153 50  186 111 22  101 26  32  193 216 153 169 123 173 

Total Distance:   1388.431497
Execution Time:   42.64  sec
Absolute Gap:     0.000000
Relative Gap:     0.000000
============= inst 582 end=============

