============= inst 583 =============
Route:
1  2  11 8  14 17 1  
1  5  27 3  12 28 20 1  
1  13 9  6  1  
1  21 25 4  19 26 22 1  
1  29 16 15 1  
1  30 23 24 18 10 7  1  

Point Location:
58  51  23  214 98  65  119 40  73  154 62  25  92  24  49  13  45  189 185 38  139 100 150 161 185 178 94  35  35  125 
112 163 17  78  44  143 131 217 153 163 198 68  153 171 98  133 150 194 83  67  85  113 136 158 10  106 12  61  143 119 

Total Distance:   1530.738608
Execution Time:   27.91  sec
Absolute Gap:     0.000000
Relative Gap:     0.000000
============= inst 583 end=============

