============= inst 584 =============
Route:
1  9  3  19 29 22 14 1  
1  11 5  17 27 21 30 1  
1  18 15 26 1  
1  20 8  24 2  10 1  
1  25 7  16 12 1  
1  28 6  4  13 23 1  

Point Location:
138 167 131 213 53  216 87  209 118 170 59  108 201 97  205 74  8   201 79  217 54  70  182 212 108 194 45  191 60  105 
99  155 179 17  77  34  16  154 170 136 90  86  23  139 63  50  102 75  214 145 114 174 31  177 42  51  144 46  176 112 

Total Distance:   1491.950509
Execution Time:   3.02  sec
Absolute Gap:     0.000000
Relative Gap:     0.000000
============= inst 584 end=============

