============= inst 585 =============
Route:
1  6  13 3  1  
1  11 8  4  23 21 25 1  
1  12 18 28 7  19 17 1  
1  20 5  15 1  
1  22 16 29 30 10 1  
1  26 24 9  14 2  27 1  

Point Location:
97  36  45  204 101 78  52  202 22  172 141 106 49  16  98  193 80  118 59  104 193 116 193 35  156 59  45  62  209 209 
79  77  17  174 28  31  196 211 100 10  173 146 9   100 35  43  108 197 152 26  134 76  158 118 128 121 73  218 32  29  

Total Distance:   1458.410600
Execution Time:   4.95  sec
Absolute Gap:     0.000000
Relative Gap:     0.000000
============= inst 585 end=============

