============= inst 586 =============
Route:
1  9  24 4  1  
1  13 25 14 28 6  1  
1  17 27 16 5  2  12 1  
1  20 26 30 11 10 18 1  
1  21 7  3  1  
1  23 29 22 19 15 8  1  

Point Location:
62  164 12  87  171 62  15  85  122 184 199 134 22  10  96  190 145 175 144 154 24  163 91  130 19  182 215 32  123 209 
76  63  59  41  70  210 86  162 21  185 174 79  134 212 198 59  54  169 216 114 130 187 117 15  197 124 11  204 152 136 

Total Distance:   1819.464402
Execution Time:   25.47  sec
Absolute Gap:     0.000000
Relative Gap:     0.000000
============= inst 586 end=============

