============= inst 587 =============
Route:
1  10 19 3  4  1  
1  11 5  22 18 25 15 1  
1  12 30 2  20 6  9  1  
1  14 28 8  7  1  
1  17 24 13 1  
1  21 27 16 23 29 26 1  

Point Location:
121 22  205 169 42  43  101 85  75  189 52  22  112 74  50  151 144 8   194 43  209 21  141 129 7   104 155 34  123 9   
126 29  166 201 142 38  171 192 37  100 139 79  161 164 105 48  135 127 130 13  45  126 38  164 113 35  50  203 16  85  

Total Distance:   1592.209647
Execution Time:   77.59  sec
Absolute Gap:     0.000000
Relative Gap:     0.000000
============= inst 587 end=============

