============= inst 588 =============
Route:
1  7  17 20 1  
1  8  12 25 11 28 1  
1  15 6  14 9  10 13 1  
1  26 21 2  1  
1  27 30 4  19 22 23 1  
1  29 16 5  18 24 3  1  

Point Location:
140 120 62  217 33  32  108 205 35  22  211 210 44  7   72  42  101 17  214 117 111 194 175 64  207 149 177 191 30  194 
145 172 40  205 59  141 62  112 179 201 41  111 218 139 100 79  65  19  175 113 199 161 153 36  69  140 199 95  92  183 

Total Distance:   1614.965326
Execution Time:   102.94  sec
Absolute Gap:     0.000000
Relative Gap:     0.000000
============= inst 588 end=============

