============= inst 589 =============
Route:
1  6  4  26 1  
1  14 13 29 15 21 2  1  
1  19 12 23 10 3  18 1  
1  24 7  25 9  17 11 1  
1  27 20 8  1  
1  28 22 16 5  30 1  

Point Location:
83  30  90  120 218 130 218 129 204 58  140 34  59  61  40  155 200 77  24  132 30  115 21  181 214 84  119 118 55  201 
86  52  169 141 177 114 21  93  72  196 91  155 17  24  32  216 97  153 122 57  30  176 175 31  67  123 54  163 19  135 

Total Distance:   1549.791154
Execution Time:   6.58  sec
Absolute Gap:     0.000000
Relative Gap:     0.000000
============= inst 589 end=============

