============= inst 59 =============
Route:
1  6  21 30 1  
1  9  2  17 1  
1  15 12 18 13 29 14 1  
1  16 27 25 5  22 11 1  
1  20 10 26 8  3  23 1  
1  28 19 4  7  24 1  

Point Location:
129 185 52  205 212 86  215 32  168 89  138 110 53  37  141 177 148 106 207 132 55  151 74  165 218 64  204 154 27  59  
139 108 194 172 10  170 152 190 130 205 30  52  14  101 76  67  112 45  204 206 132 7   198 151 22  218 73  178 104 131 

Total Distance:   1620.439453
Execution Time:   28.42  sec
Absolute Gap:     0.000000
Relative Gap:     0.000000
============= inst 59 end=============

