============= inst 590 =============
Route:
1  9  28 30 17 26 12 1  
1  13 2  14 11 5  27 1  
1  16 8  15 6  7  1  
1  23 22 10 3  20 18 1  
1  25 4  21 1  
1  29 24 19 1  

Point Location:
101 151 164 94  196 124 131 111 79  163 187 27  139 169 110 102 59  189 34  218 117 152 128 73  98  12  173 65  86  65  
128 18  185 100 106 35  56  39  92  186 21  104 13  26  31  76  56  182 177 216 135 176 162 170 118 94  146 56  185 47  

Total Distance:   1435.395622
Execution Time:   104.48  sec
Absolute Gap:     0.000000
Relative Gap:     0.000000
============= inst 590 end=============

