============= inst 591 =============
Route:
1  3  10 8  1  
1  5  16 28 11 19 18 1  
1  7  24 30 29 9  6  1  
1  13 27 12 22 1  
1  20 14 25 17 4  21 1  
1  26 2  15 23 1  

Point Location:
136 214 93  210 66  44  43  66  28  57  14  200 173 117 207 19  168 54  46  145 195 165 200 15  150 204 206 31  25  20  
82  29  60  199 36  180 143 72  191 69  61  134 138 178 23  28  205 143 116 162 168 110 9   179 211 48  149 48  203 201 

Total Distance:   1666.553491
Execution Time:   15.06  sec
Absolute Gap:     0.000000
Relative Gap:     0.000000
============= inst 591 end=============

