============= inst 592 =============
Route:
1  3  25 7  29 14 1  
1  4  8  27 1  
1  13 22 23 9  18 2  1  
1  19 15 21 10 24 1  
1  20 5  28 26 6  17 1  
1  30 12 11 16 1  

Point Location:
69  116 34  29  127 141 40  16  198 56  106 101 216 55  36  81  123 193 34  81  42  214 205 72  12  168 18  179 46  87  
102 118 163 109 28  64  189 111 174 67  202 168 119 151 35  186 82  163 56  38  20  164 205 94  213 78  83  20  191 134 

Total Distance:   1557.767544
Execution Time:   46.28  sec
Absolute Gap:     0.000000
Relative Gap:     0.000000
============= inst 592 end=============

