============= inst 593 =============
Route:
1  7  16 23 6  1  
1  8  13 28 12 21 20 1  
1  10 25 26 3  2  11 1  
1  17 9  30 24 15 14 1  
1  18 4  22 19 1  
1  29 27 5  1  

Point Location:
136 115 130 191 101 82  65  46  197 146 99  15  42  139 159 9   154 197 158 81  42  191 39  180 144 145 79  45  87  216 
101 159 173 46  91  15  114 164 117 156 161 211 167 125 144 72  103 51  59  210 201 24  25  142 178 197 99  170 123 159 

Total Distance:   1502.032816
Execution Time:   38.95  sec
Absolute Gap:     0.000000
Relative Gap:     0.000000
============= inst 593 end=============

