============= inst 594 =============
Route:
1  3  23 29 22 27 24 1  
1  9  4  19 20 10 21 1  
1  11 26 25 5  14 1  
1  17 7  2  13 18 8  1  
1  28 16 12 1  
1  30 6  15 1  

Point Location:
84  211 109 39  56  56  158 150 32  75  106 49  159 11  57  18  148 156 22  24  71  185 124 128 83  133 147 24  174 42  
114 109 197 156 32  72  152 112 146 199 60  137 67  56  76  120 152 87  166 209 184 179 192 149 26  13  176 111 211 78  

Total Distance:   1528.875724
Execution Time:   2.88  sec
Absolute Gap:     0.000000
Relative Gap:     0.000000
============= inst 594 end=============

