============= inst 595 =============
Route:
1  21 4  26 1  
1  22 3  14 10 27 1  
1  23 15 16 13 20 30 1  
1  25 9  17 11 7  6  1  
1  28 8  19 2  24 12 1  
1  29 5  18 1  

Point Location:
149 13  197 103 136 143 146 30  206 218 144 98  13  218 45  48  213 138 30  121 90  157 77  38  187 131 178 85  143 112 
144 159 217 183 86  17  11  149 74  155 7   209 21  159 103 56  33  80  154 37  174 167 114 199 79  168 137 150 125 61  

Total Distance:   1617.673258
Execution Time:   99.70  sec
Absolute Gap:     0.000000
Relative Gap:     0.000000
============= inst 595 end=============

