============= inst 596 =============
Route:
1  9  18 16 27 25 1  
1  11 24 7  1  
1  15 2  5  3  30 12 1  
1  20 28 17 1  
1  26 4  21 8  19 14 1  
1  29 10 6  22 13 23 1  

Point Location:
77  48  73  111 44  217 141 154 29  120 143 61  181 116 10  44  79  32  147 61  108 215 187 138 78  104 76  65  111 65  
121 67  49  187 50  9   87  185 154 7   64  83  96  157 87  197 141 205 146 115 200 78  129 82  156 159 165 135 38  80  

Total Distance:   1446.177902
Execution Time:   15.53  sec
Absolute Gap:     0.000000
Relative Gap:     0.000000
============= inst 596 end=============

