============= inst 597 =============
Route:
1  2  4  10 6  1  
1  3  8  14 11 18 13 1  
1  12 5  19 1  
1  16 27 26 28 1  
1  24 21 29 17 25 22 1  
1  30 23 15 9  20 7  1  

Point Location:
75  12  120 19  101 39  159 156 144 14  191 103 172 170 127 126 8   217 81  168 55  96  118 53  81  124 142 100 47  86  
63  92  162 72  108 29  44  153 12  22  130 90  93  158 14  44  199 132 98  31  158 126 10  157 180 90  65  76  171 12  

Total Distance:   1485.305893
Execution Time:   101.23  sec
Absolute Gap:     0.000000
Relative Gap:     0.000000
============= inst 597 end=============

