============= inst 598 =============
Route:
1  11 9  3  1  
1  14 21 13 12 10 23 1  
1  15 22 27 7  1  
1  16 17 26 30 1  
1  19 6  24 5  20 2  1  
1  25 4  8  29 28 18 1  

Point Location:
157 118 189 154 89  20  164 199 208 36  204 12  10  87  181 146 124 169 48  109 41  198 65  20  137 84  186 169 191 130 
66  32  33  199 30  48  111 214 65  169 95  159 186 188 96  95  126 158 64  32  204 122 139 15  167 115 129 169 206 73  

Total Distance:   1634.651149
Execution Time:   88.99  sec
Absolute Gap:     0.000000
Relative Gap:     0.000000
============= inst 598 end=============

