============= inst 599 =============
Route:
1  2  25 26 1  
1  8  18 6  22 7  1  
1  13 11 19 1  
1  16 14 21 29 5  24 1  
1  23 30 20 3  4  28 1  
1  27 10 12 17 15 9  1  

Point Location:
99  122 91  90  176 17  35  72  127 84  55  156 57  173 142 154 136 39  63  91  171 8   104 121 131 110 65  93  189 102 
134 165 76  87  216 175 98  185 78  25  152 9   144 83  75  97  59  182 164 63  118 154 67  191 178 152 29  99  144 62  

Total Distance:   1353.182957
Execution Time:   2.09  sec
Absolute Gap:     0.000000
Relative Gap:     0.000000
============= inst 599 end=============

