============= inst 6 =============
Route:
1  2  19 17 11 20 7  1  
1  12 13 5  4  27 22 1  
1  16 24 3  1  
1  21 23 25 1  
1  28 14 8  9  26 1  
1  29 15 30 10 18 6  1  

Point Location:
135 78  164 29  34  123 109 195 176 162 17  22  25  176 206 151 35  160 30  31  142 76  145 165 130 163 56  162 212 190 
84  25  85  152 133 174 84  50  25  170 50  89  123 55  143 109 39  172 28  69  57  119 26  92  29  30  173 68  134 211 

Total Distance:   1379.529947
Execution Time:   18.61  sec
Absolute Gap:     0.000000
Relative Gap:     0.000000
============= inst 6 end=============

