============= inst 60 =============
Route:
1  8  6  17 19 11 9  1  
1  18 21 26 3  5  14 1  
1  22 13 23 15 1  
1  27 30 10 25 20 12 1  
1  28 24 2  4  1  
1  29 16 7  1  

Point Location:
108 124 44  131 39  101 120 104 183 218 213 165 49  14  46  129 140 84  141 195 60  67  33  119 181 70  173 99  123 216 
153 212 27  197 19  33  140 85  74  175 70  135 104 69  183 127 21  63  43  125 49  111 161 209 168 23  205 213 135 209 

Total Distance:   1552.050869
Execution Time:   72.67  sec
Absolute Gap:     0.000000
Relative Gap:     0.000000
============= inst 60 end=============

