============= inst 600 =============
Route:
1  2  18 8  23 28 30 1  
1  3  19 15 1  
1  4  11 29 1  
1  7  16 5  9  24 1  
1  20 22 12 21 14 27 1  
1  26 17 6  25 13 10 1  

Point Location:
77  95  17  51  186 194 198 85  166 149 24  96  184 24  51  190 181 128 18  88  16  92  64  111 214 132 22  39  41  39  
99  36  51  120 168 88  136 18  196 62  113 216 61  175 92  162 78  7   53  156 193 210 10  177 32  84  164 33  112 52  

Total Distance:   1560.665001
Execution Time:   56.75  sec
Absolute Gap:     0.000000
Relative Gap:     0.000000
============= inst 600 end=============

