============= inst 601 =============
Route:
1  5  23 3  17 18 22 1  
1  10 4  6  1  
1  15 21 14 26 28 8  1  
1  19 7  29 25 9  13 1  
1  27 12 2  1  
1  30 24 20 16 11 1  

Point Location:
114 117 203 159 188 152 53  155 118 157 46  128 113 189 202 36  192 168 50  7   207 167 198 10  118 183 145 204 87  69  
146 200 175 178 116 165 18  22  63  189 130 197 85  80  93  106 208 205 66  178 92  202 128 208 48  69  170 44  10  200 

Total Distance:   1573.307068
Execution Time:   28.38  sec
Absolute Gap:     0.000000
Relative Gap:     0.000000
============= inst 601 end=============

