============= inst 602 =============
Route:
1  6  16 19 14 17 1  
1  8  5  30 1  
1  10 3  13 18 22 2  1  
1  21 11 23 12 15 1  
1  25 27 20 24 7  9  1  
1  29 4  26 28 1  

Point Location:
95  102 7   47  56  134 131 86  126 20  11  13  25  136 56  171 131 57  216 182 34  82  9   135 187 85  209 86  44  101 
133 43  39  216 91  157 67  122 74  91  117 134 32  215 136 161 178 16  145 37  114 23  126 49  74  190 41  173 162 101 

Total Distance:   1529.891161
Execution Time:   8.41  sec
Absolute Gap:     0.000000
Relative Gap:     0.000000
============= inst 602 end=============

