============= inst 603 =============
Route:
1  7  14 24 15 12 16 1  
1  8  3  5  11 2  20 1  
1  10 6  27 1  
1  21 30 19 26 1  
1  25 23 17 4  1  
1  29 28 18 13 9  22 1  

Point Location:
102 160 213 156 204 115 136 144 41  140 194 205 55  136 212 182 171 86  8   144 69  57  207 194 154 9   109 88  78  16  
154 111 63  204 94  199 59  75  70  193 90  37  43  24  23  42  200 55  168 112 197 84  193 24  182 93  204 68  73  213 

Total Distance:   1702.588040
Execution Time:   53.66  sec
Absolute Gap:     0.000000
Relative Gap:     0.000000
============= inst 603 end=============

