============= inst 604 =============
Route:
1  2  15 4  16 9  25 1  
1  7  6  18 28 23 1  
1  14 24 8  1  
1  19 13 29 26 5  20 1  
1  22 10 27 11 21 17 1  
1  30 12 3  1  

Point Location:
75  36  48  32  114 39  41  46  82  201 183 23  185 69  23  68  137 33  189 102 167 144 51  72  101 162 192 30  175 20  
106 75  161 28  214 184 173 88  10  50  69  148 170 94  51  19  77  190 136 161 63  34  212 89  56  217 92  218 192 143 

Total Distance:   1469.521727
Execution Time:   10.36  sec
Absolute Gap:     0.000000
Relative Gap:     0.000000
============= inst 604 end=============

