============= inst 605 =============
Route:
1  4  30 16 25 1  
1  10 2  20 21 13 24 1  
1  19 15 12 3  11 8  1  
1  22 26 14 1  
1  23 18 5  9  28 7  1  
1  29 27 17 6  1  

Point Location:
73  33  203 130 204 100 151 162 188 54  203 213 49  45  190 171 129 187 168 27  24  98  177 54  143 71  125 194 88  171 
126 81  123 204 60  111 113 135 74  101 123 121 60  186 110 177 87  45  117 44  22  214 58  59  183 187 14  101 26  217 

Total Distance:   1664.741497
Execution Time:   89.58  sec
Absolute Gap:     0.000000
Relative Gap:     0.000000
============= inst 605 end=============

