============= inst 606 =============
Route:
1  7  5  25 1  
1  12 26 19 1  
1  14 16 2  8  20 11 1  
1  18 15 6  10 28 17 1  
1  23 22 13 3  9  1  
1  30 21 24 4  29 27 1  

Point Location:
112 107 46  33  121 196 136 84  88  216 19  105 54  147 186 126 168 151 128 68  50  68  96  36  113 122 75  202 57  71  
153 32  126 195 189 46  172 37  130 113 30  107 143 72  73  37  178 86  134 36  174 144 166 180 173 126 189 123 192 165 

Total Distance:   1301.298372
Execution Time:   36.84  sec
Absolute Gap:     0.000000
Relative Gap:     0.000000
============= inst 606 end=============

