============= inst 607 =============
Route:
1  2  25 24 9  7  6  1  
1  12 14 11 1  
1  13 26 21 5  22 15 1  
1  23 18 16 4  17 1  
1  28 8  27 1  
1  29 3  19 10 20 30 1  

Point Location:
107 178 218 17  76  155 180 129 215 181 93  168 113 102 49  13  75  53  203 173 87  59  72  197 188 92  135 108 186 173 
76  87  179 89  174 124 122 119 90  177 49  23  160 25  146 91  66  119 197 162 194 147 94  73  90  182 90  103 141 148 

Total Distance:   1421.000661
Execution Time:   33.55  sec
Absolute Gap:     0.000000
Relative Gap:     0.000000
============= inst 607 end=============

