============= inst 608 =============
Route:
1  3  7  11 14 8  23 1  
1  13 26 17 1  
1  15 10 30 1  
1  22 4  19 27 21 1  
1  28 6  5  16 25 2  1  
1  29 9  20 12 18 24 1  

Point Location:
105 9   136 32  10  24  129 179 191 185 127 204 109 191 156 10  62  211 39  192 85  65  150 196 9   102 44  67  83  168 
104 107 63  42  176 175 55  97  205 158 26  204 87  46  129 139 98  170 31  207 25  44  89  146 126 95  24  159 196 170 

Total Distance:   1531.527294
Execution Time:   92.83  sec
Absolute Gap:     0.000000
Relative Gap:     0.000000
============= inst 608 end=============

