============= inst 609 =============
Route:
1  2  6  3  9  8  20 1  
1  4  15 30 12 1  
1  5  11 7  25 29 10 1  
1  13 27 23 28 14 21 1  
1  16 22 19 18 1  
1  24 26 17 1  

Point Location:
55  131 141 24  60  141 63  210 158 82  66  9   174 214 22  106 15  113 154 174 161 145 214 60  103 22  202 218 90  12  
74  191 188 187 153 198 192 185 177 125 166 201 92  26  205 130 56  79  114 171 38  122 88  41  202 41  90  38  161 216 

Total Distance:   1786.933308
Execution Time:   85.06  sec
Absolute Gap:     0.000000
Relative Gap:     0.000000
============= inst 609 end=============

