============= inst 61 =============
Route:
1  6  10 21 14 5  26 1  
1  7  20 25 1  
1  9  2  23 24 16 8  1  
1  15 3  19 1  
1  29 28 18 22 17 4  1  
1  30 12 11 13 27 1  

Point Location:
77  198 7   109 38  73  43  132 146 80  18  16  18  22  10  213 162 166 14  31  62  196 213 217 80  68  46  164 159 47  
98  16  145 172 189 173 98  80  18  180 29  8   65  206 149 88  188 150 135 100 210 181 9   37  109 130 69  100 91  36  

Total Distance:   1552.717486
Execution Time:   3.67  sec
Absolute Gap:     0.000000
Relative Gap:     0.000000
============= inst 61 end=============

