============= inst 610 =============
Route:
1  9  20 21 1  
1  15 2  24 27 1  
1  17 29 14 7  23 4  1  
1  18 12 6  5  25 26 1  
1  19 3  11 22 28 13 1  
1  30 8  10 16 1  

Point Location:
85  143 96  179 36  58  211 68  44  10  167 62  110 210 120 30  154 74  86  53  90  197 202 129 20  55  133 159 200 104 
80  42  179 37  166 171 100 26  89  14  205 166 131 142 46  47  116 128 151 79  74  202 83  61  157 138 67  163 159 17  

Total Distance:   1512.501084
Execution Time:   17.41  sec
Absolute Gap:     0.000000
Relative Gap:     0.000000
============= inst 610 end=============

