============= inst 611 =============
Route:
1  3  27 29 25 6  1  
1  9  12 10 1  
1  13 4  23 28 11 8  1  
1  15 30 18 24 21 19 1  
1  17 26 16 5  2  22 1  
1  20 7  14 1  

Point Location:
158 188 99  48  216 140 191 38  154 131 39  120 48  164 68  210 179 54  50  206 17  179 9   25  158 215 130 17  145 77  
120 29  48  8   21  65  215 89  132 131 77  142 39  147 159 62  103 183 117 184 154 48  16  183 27  107 41  75  27  216 

Total Distance:   1679.211673
Execution Time:   42.53  sec
Absolute Gap:     0.000000
Relative Gap:     0.000000
============= inst 611 end=============

