============= inst 612 =============
Route:
1  11 14 26 1  
1  18 4  5  23 30 1  
1  21 6  29 8  1  
1  24 19 2  17 10 1  
1  25 12 28 3  16 20 1  
1  27 7  22 15 13 9  1  

Point Location:
119 51  203 50  21  180 102 179 100 77  209 212 96  217 87  190 40  81  94  159 126 81  68  109 189 195 120 211 199 86  
133 209 40  82  31  209 8   144 47  161 94  66  40  85  23  38  181 105 200 44  172 17  61  160 69  93  67  36  208 96  

Total Distance:   1572.515491
Execution Time:   87.03  sec
Absolute Gap:     0.000000
Relative Gap:     0.000000
============= inst 612 end=============

