============= inst 613 =============
Route:
1  4  28 27 11 15 19 1  
1  5  26 25 16 18 22 1  
1  9  10 20 23 6  1  
1  17 29 8  14 1  
1  21 2  30 13 3  1  
1  24 7  12 1  

Point Location:
131 216 181 67  67  190 112 91  132 142 104 103 200 124 126 69  37  75  136 159 196 72  199 124 32  16  16  15  65  208 
114 181 174 144 40  93  156 101 60  16  210 161 177 106 175 27  95  24  170 61  139 37  60  129 8   16  202 157 94  177 

Total Distance:   1517.615067
Execution Time:   22.64  sec
Absolute Gap:     0.000000
Relative Gap:     0.000000
============= inst 613 end=============

