============= inst 614 =============
Route:
1  4  20 9  1  
1  8  29 17 1  
1  13 7  18 22 25 1  
1  14 19 26 28 11 16 1  
1  21 6  15 27 2  5  1  
1  24 12 30 23 3  10 1  

Point Location:
145 10  39  160 77  91  162 92  176 61  64  36  128 132 67  86  91  164 98  196 113 199 8   58  167 94  25  68  74  11  
97  91  174 81  90  24  176 108 16  156 203 105 147 194 44  176 124 173 213 33  25  129 193 99  132 201 42  203 126 132 

Total Distance:   1631.609075
Execution Time:   51.64  sec
Absolute Gap:     0.000000
Relative Gap:     0.000000
============= inst 614 end=============

