============= inst 615 =============
Route:
1  7  6  17 11 1  
1  9  12 2  1  
1  18 15 23 16 13 19 1  
1  20 28 10 27 14 1  
1  22 21 4  30 24 5  1  
1  25 8  29 26 3  1  

Point Location:
159 199 195 35  59  84  79  188 156 148 118 186 37  98  35  29  92  85  81  162 72  73  16  47  179 214 88  162 193 9   
161 152 126 137 194 175 166 19  218 52  169 215 39  39  73  38  177 116 82  64  132 133 45  180 67  77  29  60  34  164 

Total Distance:   1716.982791
Execution Time:   19.42  sec
Absolute Gap:     0.000000
Relative Gap:     0.000000
============= inst 615 end=============

