============= inst 616 =============
Route:
1  3  30 4  1  
1  7  24 16 1  
1  15 23 25 17 6  22 1  
1  18 11 5  12 26 10 1  
1  20 14 9  2  21 1  
1  27 28 8  29 13 19 1  

Point Location:
118 27  128 144 206 23  124 205 10  169 207 178 189 9   91  147 34  209 174 94  87  73  62  134 27  170 139 187 197 146 
96  98  104 95  69  178 8   188 95  49  120 44  140 72  196 84  187 124 151 66  95  125 183 22  211 47  211 213 169 102 

Total Distance:   1477.061975
Execution Time:   116.27  sec
Absolute Gap:     0.000000
Relative Gap:     0.000000
============= inst 616 end=============

