============= inst 617 =============
Route:
1  13 15 10 7  1  
1  16 14 5  30 25 23 1  
1  18 17 22 9  1  
1  19 3  12 6  26 27 1  
1  21 11 28 1  
1  24 4  8  29 20 2  1  

Point Location:
146 165 42  185 40  25  149 196 126 161 166 22  142 36  159 67  180 163 143 201 163 152 98  169 87  46  97  159 213 57  
148 141 17  188 141 69  173 178 110 215 159 33  194 111 218 108 86  109 32  152 165 89  161 187 197 61  124 147 154 210 

Total Distance:   1336.105745
Execution Time:   13.16  sec
Absolute Gap:     0.000000
Relative Gap:     0.000000
============= inst 617 end=============

