============= inst 618 =============
Route:
1  8  7  23 6  11 4  1  
1  9  22 25 19 3  5  1  
1  12 17 20 1  
1  14 27 26 1  
1  18 28 24 13 15 10 1  
1  29 2  16 21 30 1  

Point Location:
95  168 26  130 27  155 185 178 91  81  152 55  40  64  71  189 49  13  31  55  203 87  189 13  66  86  81  31  146 140 
125 150 68  36  73  28  81  112 76  208 13  165 217 150 207 135 170 145 67  140 152 47  78  213 35  177 178 192 138 205 

Total Distance:   1454.130940
Execution Time:   2.91  sec
Absolute Gap:     0.000000
Relative Gap:     0.000000
============= inst 618 end=============

