============= inst 619 =============
Route:
1  5  15 24 1  
1  6  30 25 17 14 7  1  
1  10 11 27 9  2  18 1  
1  19 4  29 1  
1  20 21 8  12 13 1  
1  23 28 3  26 16 22 1  

Point Location:
124 106 179 136 72  111 90  41  151 192 218 81  125 17  101 215 52  99  124 54  30  148 154 109 79  210 168 161 141 101 
109 24  112 52  126 57  89  176 7   87  33  207 163 18  132 176 32  38  63  168 166 153 123 123 56  125 15  120 55  52  

Total Distance:   1449.784221
Execution Time:   10.56  sec
Absolute Gap:     0.000000
Relative Gap:     0.000000
============= inst 619 end=============

