============= inst 62 =============
Route:
1  3  18 8  19 11 10 1  
1  13 24 2  7  17 1  
1  15 12 23 27 4  1  
1  21 16 14 22 5  9  1  
1  25 26 29 20 1  
1  28 6  30 1  

Point Location:
75  96  133 40  183 33  60  205 145 166 178 17  94  160 36  141 59  185 184 103 90  210 8   91  110 138 21  37  145 53  
115 16  42  32  190 169 35  20  149 109 112 73  75  199 102 165 46  25  50  125 147 206 15  41  99  76  26  178 91  145 

Total Distance:   1529.908495
Execution Time:   68.58  sec
Absolute Gap:     0.000000
Relative Gap:     0.000000
============= inst 62 end=============

