============= inst 620 =============
Route:
1  9  20 19 1  
1  13 4  27 6  30 11 1  
1  21 5  29 7  26 16 1  
1  22 17 28 1  
1  24 23 3  12 8  15 1  
1  25 14 2  18 10 1  

Point Location:
83  209 82  26  164 15  194 48  7   150 23  78  63  175 54  161 131 178 83  36  152 105 119 125 139 196 26  163 195 9   
66  64  215 173 150 199 173 169 23  75  120 205 109 47  142 118 110 76  43  8   153 97  208 187 28  131 183 103 212 189 

Total Distance:   1737.446630
Execution Time:   36.61  sec
Absolute Gap:     0.000000
Relative Gap:     0.000000
============= inst 620 end=============

