============= inst 621 =============
Route:
1  7  4  19 1  
1  8  9  3  16 11 6  1  
1  20 10 2  1  
1  22 30 23 28 14 15 1  
1  25 17 21 29 13 1  
1  27 26 18 5  12 24 1  

Point Location:
94  116 113 147 61  108 117 143 127 116 118 80  195 166 163 98  188 16  118 103 185 194 198 105 164 47  38  161 182 214 
63  94  216 39  178 146 49  148 174 132 157 187 65  140 117 199 16  205 70  106 31  116 214 160 18  167 133 164 44  209 

Total Distance:   1682.182901
Execution Time:   58.81  sec
Absolute Gap:     0.000000
Relative Gap:     0.000000
============= inst 621 end=============

