============= inst 622 =============
Route:
1  6  9  29 1  
1  12 16 7  3  1  
1  20 14 24 4  10 15 1  
1  23 2  22 13 28 25 1  
1  27 5  8  26 1  
1  30 11 19 17 21 18 1  

Point Location:
77  46  189 30  54  95  208 52  98  13  216 113 96  56  20  204 168 150 177 47  152 58  92  33  130 44  86  120 111 206 
140 22  197 74  215 143 204 199 142 104 67  197 42  67  129 217 11  10  38  93  9   7   73  57  83  166 199 60  117 85  

Total Distance:   1588.873446
Execution Time:   12.98  sec
Absolute Gap:     0.000000
Relative Gap:     0.000000
============= inst 622 end=============

