============= inst 623 =============
Route:
1  2  21 3  17 12 8  1  
1  9  26 14 18 23 1  
1  13 27 11 1  
1  16 15 24 25 10 1  
1  20 28 29 7  1  
1  22 5  6  19 4  30 1  

Point Location:
94  191 196 150 147 163 92  125 86  157 82  161 63  55  217 166 174 49  162 140 209 122 50  168 166 19  75  126 66  134 
126 79  33  76  115 118 154 45  38  158 131 37  125 67  152 144 31  80  95  196 70  122 92  162 164 14  138 216 214 92  

Total Distance:   1417.289363
Execution Time:   5.61  sec
Absolute Gap:     0.000000
Relative Gap:     0.000000
============= inst 623 end=============

