============= inst 624 =============
Route:
1  2  6  4  23 18 7  1  
1  10 30 15 29 13 24 1  
1  11 5  28 9  25 19 1  
1  12 26 27 1  
1  16 3  22 1  
1  17 21 14 8  20 1  

Point Location:
141 74  152 15  140 29  51  167 116 70  153 183 69  174 19  145 172 26  90  141 212 204 11  75  102 188 185 136 36  57  
144 163 216 185 38  174 93  95  57  100 80  152 38  92  8   166 102 93  77  91  90  213 104 55  76  140 140 40  9   63  

Total Distance:   1541.193208
Execution Time:   42.22  sec
Absolute Gap:     0.000000
Relative Gap:     0.000000
============= inst 624 end=============

