============= inst 625 =============
Route:
1  2  17 8  5  30 29 1  
1  13 6  21 19 10 1  
1  16 24 3  1  
1  18 7  26 14 23 1  
1  27 25 9  12 4  20 1  
1  28 11 22 15 1  

Point Location:
101 132 103 155 168 170 28  152 170 131 96  215 163 11  60  87  129 58  194 145 178 82  49  95  150 39  143 118 155 181 
129 57  97  216 36  99  158 12  165 98  180 176 103 95  203 123 26  161 79  181 91  197 109 65  147 138 147 148 54  45  

Total Distance:   1405.832526
Execution Time:   23.89  sec
Absolute Gap:     0.000000
Relative Gap:     0.000000
============= inst 625 end=============

