============= inst 626 =============
Route:
1  4  8  25 13 21 12 1  
1  14 26 20 30 1  
1  15 23 28 29 7  22 1  
1  16 18 3  17 1  
1  19 5  6  27 2  10 1  
1  24 11 9  1  

Point Location:
142 9   204 96  26  20  171 73  121 69  108 104 73  158 142 168 194 198 87  212 71  175 112 116 46  183 9   147 146 177 
104 111 94  53  187 169 168 59  132 107 127 94  75  71  132 100 134 97  139 46  79  150 197 112 45  34  145 196 188 82  

Total Distance:   1310.177298
Execution Time:   5.34  sec
Absolute Gap:     0.000000
Relative Gap:     0.000000
============= inst 626 end=============

