============= inst 627 =============
Route:
1  8  5  17 1  
1  14 20 4  10 6  13 1  
1  15 11 9  1  
1  22 29 26 23 25 1  
1  28 21 18 16 27 12 1  
1  30 2  24 7  3  19 1  

Point Location:
153 57  21  210 117 148 10  132 91  192 107 83  163 216 111 32  114 43  25  198 64  66  119 24  127 89  75  71  82  75  
139 19  100 28  208 37  53  198 188 43  161 203 66  168 143 196 185 180 97  99  187 58  76  10  92  60  215 193 51  34  

Total Distance:   1702.250448
Execution Time:   45.13  sec
Absolute Gap:     0.000000
Relative Gap:     0.000000
============= inst 627 end=============

