============= inst 628 =============
Route:
1  4  3  5  30 20 10 1  
1  6  22 26 2  15 14 1  
1  19 21 29 7  8  1  
1  23 13 16 1  
1  25 24 17 1  
1  28 18 11 12 27 9  1  

Point Location:
115 195 146 130 195 185 59  84  114 195 17  72  115 146 157 141 109 42  36  206 31  185 120 112 120 215 77  74  59  205 
135 12  199 200 204 68  111 111 74  157 22  13  89  87  33  125 158 91  217 189 163 59  118 159 180 60  55  98  142 192 

Total Distance:   1485.558712
Execution Time:   36.11  sec
Absolute Gap:     0.000000
Relative Gap:     0.000000
============= inst 628 end=============

