============= inst 629 =============
Route:
1  8  20 16 21 3  26 1  
1  9  24 19 2  25 5  1  
1  11 18 4  1  
1  27 7  10 22 14 17 1  
1  29 23 15 28 12 1  
1  30 6  13 1  

Point Location:
80  211 38  137 110 85  147 70  127 149 153 52  103 132 12  35  122 147 215 63  27  186 11  201 109 52  109 28  22  70  
119 31  82  116 33  178 154 34  94  152 110 139 174 207 176 35  191 117 38  8   78  203 156 67  28  78  129 170 119 127 

Total Distance:   1441.176524
Execution Time:   38.48  sec
Absolute Gap:     0.000000
Relative Gap:     0.000000
============= inst 629 end=============

