============= inst 63 =============
Route:
1  2  12 18 3  1  
1  7  22 4  27 15 13 1  
1  16 23 9  10 30 6  1  
1  19 26 11 17 1  
1  20 5  24 1  
1  21 28 29 14 8  25 1  

Point Location:
144 140 118 47  176 48  94  56  64  8   203 117 105 117 78  77  216 107 165 149 175 64  67  159 46  183 42  209 160 35  
126 204 187 91  100 155 62  13  207 218 172 216 110 34  105 164 149 192 167 137 65  78  184 88  24  190 99  43  7   145 

Total Distance:   1599.829017
Execution Time:   13.78  sec
Absolute Gap:     0.000000
Relative Gap:     0.000000
============= inst 63 end=============

