============= inst 630 =============
Route:
1  10 28 14 30 4  1  
1  11 24 23 9  6  18 1  
1  13 16 21 8  22 7  1  
1  20 15 12 1  
1  26 19 5  3  2  25 1  
1  29 17 27 1  

Point Location:
113 36  9   164 9   198 135 125 205 115 180 143 112 170 146 95  74  197 38  127 101 156 205 208 62  61  76  121 77  192 
80  72  131 87  215 79  154 210 67  118 59  65  137 134 33  152 114 80  167 47  179 209 43  37  82  133 94  121 112 97  

Total Distance:   1404.903982
Execution Time:   16.99  sec
Absolute Gap:     0.000000
Relative Gap:     0.000000
============= inst 630 end=============

