============= inst 631 =============
Route:
1  5  21 2  23 20 7  1  
1  13 28 6  12 1  
1  14 4  8  24 15 1  
1  19 25 9  18 11 10 1  
1  29 27 22 1  
1  30 26 3  17 16 1  

Point Location:
118 87  187 11  118 52  91  8   194 207 211 66  66  21  38  161 168 212 151 87  99  84  81  45  182 182 81  16  119 216 
96  183 193 175 175 28  141 210 116 36  63  23  49  116 156 165 194 113 94  160 173 72  194 183 93  171 93  43  108 162 

Total Distance:   1579.006066
Execution Time:   7.45  sec
Absolute Gap:     0.000000
Relative Gap:     0.000000
============= inst 631 end=============

