============= inst 632 =============
Route:
1  3  19 26 9  10 1  
1  11 6  13 24 27 1  
1  18 16 12 20 29 15 1  
1  21 25 5  23 17 4  1  
1  22 30 2  1  
1  28 14 8  7  1  

Point Location:
87  40  101 139 162 47  86  68  131 113 86  214 36  113 148 187 207 184 116 209 141 61  173 26  149 133 44  120 165 52  
132 141 95  152 132 18  160 180 30  81  21  71  30  214 86  85  163 111 50  20  116 150 124 90  117 10  111 205 67  155 

Total Distance:   1523.200742
Execution Time:   96.73  sec
Absolute Gap:     0.000000
Relative Gap:     0.000000
============= inst 632 end=============

