============= inst 633 =============
Route:
1  4  13 8  9  29 1  
1  12 15 27 7  26 2  1  
1  14 25 18 1  
1  19 10 28 11 16 22 1  
1  23 30 3  1  
1  24 17 20 5  21 6  1  

Point Location:
116 97  156 117 128 110 84  212 176 40  36  89  163 196 82  60  138 196 101 140 115 66  124 131 203 81  80  31  168 145 
115 50  124 28  214 157 35  48  72  174 116 56  35  193 51  94  179 160 137 189 185 109 106 154 167 13  41  149 77  98  

Total Distance:   1331.872681
Execution Time:   13.55  sec
Absolute Gap:     0.000000
Relative Gap:     0.000000
============= inst 633 end=============

