============= inst 634 =============
Route:
1  6  14 29 1  
1  7  23 11 1  
1  10 13 5  4  27 28 1  
1  15 9  25 21 3  1  
1  17 20 8  22 16 26 1  
1  30 24 19 2  18 12 1  

Point Location:
141 7   112 88  120 154 173 20  198 134 157 35  136 176 178 16  69  35  7   53  103 13  191 23  138 28  98  118 183 23  
128 62  194 47  18  114 74  193 202 90  65  67  41  122 161 163 179 45  84  198 201 161 65  136 205 169 71  121 123 145 

Total Distance:   1508.659159
Execution Time:   93.67  sec
Absolute Gap:     0.000000
Relative Gap:     0.000000
============= inst 634 end=============

