============= inst 635 =============
Route:
1  9  10 23 12 5  29 1  
1  14 15 11 25 30 1  
1  16 13 21 17 7  22 1  
1  18 6  20 28 3  27 1  
1  24 8  2  1  
1  26 19 4  1  

Point Location:
87  68  175 111 205 165 129 49  130 121 49  172 149 21  21  126 133 159 105 205 139 124 155 60  82  103 173 198 147 80  
125 214 79  138 47  152 165 218 46  13  55  30  131 61  28  133 160 136 154 117 143 142 10  160 80  162 88  95  68  86  

Total Distance:   1388.101765
Execution Time:   42.42  sec
Absolute Gap:     0.000000
Relative Gap:     0.000000
============= inst 635 end=============

