============= inst 636 =============
Route:
1  5  20 27 9  14 1  
1  6  16 8  21 23 1  
1  7  3  19 2  4  15 1  
1  12 11 18 1  
1  17 28 24 10 29 26 1  
1  25 30 13 22 1  

Point Location:
70  42  118 64  113 28  123 8   71  211 102 98  150 60  77  10  203 88  99  90  7   133 40  213 146 121 80  209 169 184 
89  217 171 185 38  65  161 29  25  38  89  88  173 31  130 44  44  72  200 41  15  127 26  52  104 51  37  48  7   145 

Total Distance:   1455.783103
Execution Time:   65.34  sec
Absolute Gap:     0.000000
Relative Gap:     0.000000
============= inst 636 end=============

