============= inst 637 =============
Route:
1  13 28 7  1  
1  16 15 21 2  10 1  
1  18 20 8  26 14 12 1  
1  22 5  11 1  
1  25 6  4  29 23 3  1  
1  30 17 24 9  27 19 1  

Point Location:
80  167 92  75  106 34  46  201 192 138 110 144 84  176 197 152 136 163 169 172 192 95  89  191 15  196 216 22  76  124 
136 50  214 211 74  214 61  101 205 77  117 136 78  132 54  80  177 90  143 90  37  89  215 204 154 119 153 21  212 177 

Total Distance:   1600.873095
Execution Time:   41.09  sec
Absolute Gap:     0.000000
Relative Gap:     0.000000
============= inst 637 end=============

