============= inst 638 =============
Route:
1  4  26 3  2  15 13 1  
1  11 23 30 20 8  7  1  
1  14 10 9  12 18 22 1  
1  17 29 21 1  
1  19 28 6  5  16 1  
1  27 24 25 1  

Point Location:
154 206 204 186 18  25  216 205 175 170 120 170 190 163 201 18  203 195 93  193 172 211 114 96  142 199 76  79  215 136 
136 81  86  101 104 75  64  21  195 189 69  215 90  187 76  212 137 202 84  10  115 195 27  117 131 91  132 68  108 30  

Total Distance:   1495.892336
Execution Time:   6.39  sec
Absolute Gap:     0.000000
Relative Gap:     0.000000
============= inst 638 end=============

