============= inst 639 =============
Route:
1  6  17 14 2  11 3  1  
1  8  29 7  12 18 9  1  
1  22 30 10 21 5  27 1  
1  23 16 13 24 1  
1  26 4  19 20 1  
1  28 15 25 1  

Point Location:
123 198 151 82  62  188 34  75  54  53  187 30  160 215 96  144 208 49  83  84  47  58  114 161 98  91  71  100 35  46  
124 62  109 25  205 50  75  87  132 185 108 122 210 61  63  187 12  119 47  69  217 150 152 191 60  12  196 91  73  156 

Total Distance:   1428.785231
Execution Time:   4.42  sec
Absolute Gap:     0.000000
Relative Gap:     0.000000
============= inst 639 end=============

