============= inst 64 =============
Route:
1  3  6  4  12 14 18 1  
1  5  24 22 1  
1  9  30 20 7  27 1  
1  10 23 29 19 1  
1  11 16 13 26 28 17 1  
1  21 25 15 8  2  1  

Point Location:
85  86  100 116 70  108 8   43  71  164 130 155 177 187 31  146 166 155 135 15  48  77  143 53  23  214 50  215 136 59  
116 158 62  31  123 53  73  213 72  207 94  9   72  39  217 102 122 62  194 28  181 97  202 118 191 81  91  133 200 35  

Total Distance:   1492.754771
Execution Time:   8.53  sec
Absolute Gap:     0.000000
Relative Gap:     0.000000
============= inst 64 end=============

