============= inst 640 =============
Route:
1  8  12 6  24 4  30 1  
1  10 9  16 20 1  
1  11 27 3  29 5  26 1  
1  15 28 18 1  
1  21 17 23 19 1  
1  22 2  13 14 25 7  1  

Point Location:
103 182 146 84  218 48  144 18  72  84  104 34  186 205 127 66  79  135 92  89  102 151 52  79  154 202 152 141 159 85  
148 140 28  53  41  49  188 124 99  101 36  39  170 214 97  113 218 91  158 130 204 151 203 49  207 97  52  70  24  57  

Total Distance:   1540.044912
Execution Time:   108.06  sec
Absolute Gap:     0.000000
Relative Gap:     0.000000
============= inst 640 end=============

