============= inst 641 =============
Route:
1  4  25 10 1  
1  5  7  29 11 24 1  
1  8  23 3  18 9  1  
1  15 20 17 12 6  16 1  
1  21 2  13 19 28 27 1  
1  26 30 14 22 1  

Point Location:
90  119 29  106 140 188 165 41  14  80  179 212 112 70  114 158 203 20  86  159 96  85  40  142 74  76  33  62  201 65  
96  184 38  10  181 122 203 24  82  50  143 133 196 160 68  119 108 58  208 51  119 156 22  117 21  129 168 195 195 148 

Total Distance:   1509.679790
Execution Time:   11.66  sec
Absolute Gap:     0.000000
Relative Gap:     0.000000
============= inst 641 end=============

