============= inst 642 =============
Route:
1  3  26 12 22 24 5  1  
1  4  25 18 1  
1  10 8  7  23 14 17 1  
1  20 15 2  1  
1  28 6  29 9  13 19 1  
1  30 27 21 11 16 1  

Point Location:
94  87  131 72  151 9   37  78  17  147 123 209 33  23  85  126 46  97  51  89  104 216 22  166 78  184 90  32  10  77  
123 168 164 95  101 128 13  8   106 29  211 204 119 54  165 193 54  95  112 144 202 80  26  89  51  195 214 183 99  174 

Total Distance:   1522.603810
Execution Time:   18.03  sec
Absolute Gap:     0.000000
Relative Gap:     0.000000
============= inst 642 end=============

