============= inst 643 =============
Route:
1  4  25 2  30 13 8  1  
1  12 11 18 1  
1  16 5  21 1  
1  20 7  23 10 14 28 1  
1  26 17 27 3  15 9  1  
1  29 22 24 19 6  1  

Point Location:
76  172 195 91  9   38  159 109 120 192 23  8   142 185 149 49  147 65  50  117 34  98  170 101 103 124 190 129 89  147 
95  22  145 43  94  161 88  76  128 112 39  63  56  110 137 98  187 38  205 78  116 212 77  218 12  184 194 108 167 45  

Total Distance:   1542.636270
Execution Time:   12.34  sec
Absolute Gap:     0.000000
Relative Gap:     0.000000
============= inst 643 end=============

