============= inst 644 =============
Route:
1  6  4  7  5  22 1  
1  12 2  9  21 10 28 1  
1  13 11 8  14 19 20 1  
1  23 25 18 1  
1  26 15 3  17 29 16 1  
1  27 30 24 1  

Point Location:
95  103 215 190 182 144 200 8   65  7   36  121 44  20  175 144 203 61  33  30  15  146 60  124 61  131 134 17  192 133 
128 42  9   128 137 112 142 207 10  33  213 50  172 188 47  98  60  94  162 148 8   156 57  143 82  98  182 41  78  167 

Total Distance:   1520.712253
Execution Time:   17.42  sec
Absolute Gap:     0.000000
Relative Gap:     0.000000
============= inst 644 end=============

