============= inst 645 =============
Route:
1  9  18 22 19 3  11 1  
1  10 7  15 12 13 1  
1  16 21 29 17 14 6  1  
1  24 4  30 8  5  26 1  
1  25 2  28 1  
1  27 23 20 1  

Point Location:
141 179 38  47  42  187 82  36  53  99  47  106 114 215 100 157 205 48  43  145 157 12  190 75  153 112 175 199 169 25  
100 77  139 70  24  190 162 12  168 140 139 161 134 213 187 189 217 195 149 139 201 199 156 102 109 79  132 55  207 48  

Total Distance:   1509.051717
Execution Time:   26.58  sec
Absolute Gap:     0.000000
Relative Gap:     0.000000
============= inst 645 end=============

