============= inst 646 =============
Route:
1  13 15 2  22 27 18 1  
1  16 28 3  1  
1  17 24 4  26 14 29 1  
1  19 25 9  11 20 8  1  
1  21 30 6  5  10 1  
1  23 7  12 1  

Point Location:
117 10  70  195 160 217 147 148 42  154 52  128 67  181 13  97  195 106 50  81  187 35  157 192 32  211 34  69  181 185 
134 173 134 69  203 187 168 8   7   191 24  163 155 50  159 94  94  186 57  48  157 179 155 87  42  59  198 101 84  172 

Total Distance:   1530.130447
Execution Time:   34.89  sec
Absolute Gap:     0.000000
Relative Gap:     0.000000
============= inst 646 end=============

