============= inst 647 =============
Route:
1  7  3  24 1  
1  9  5  14 8  1  
1  17 21 16 22 1  
1  18 19 23 2  10 6  1  
1  25 4  20 12 27 29 1  
1  30 15 13 26 28 11 1  

Point Location:
122 94  102 165 10  119 92  58  40  104 163 202 200 12  192 135 102 74  24  203 97  120 58  124 162 204 189 189 166 193 
77  190 59  191 87  197 86  23  55  193 49  204 94  32  105 166 138 139 194 209 170 149 211 28  157 74  142 51  103 113 

Total Distance:   1624.805410
Execution Time:   7.59  sec
Absolute Gap:     0.000000
Relative Gap:     0.000000
============= inst 647 end=============

