============= inst 648 =============
Route:
1  6  19 20 12 13 1  
1  7  18 15 1  
1  23 21 26 14 22 8  1  
1  25 2  5  11 30 16 1  
1  27 28 17 1  
1  29 10 3  4  9  24 1  

Point Location:
121 159 39  32  120 112 69  184 30  40  116 39  56  199 80  122 132 72  45  8   163 199 147 35  165 177 176 171 44  100 
84  179 177 178 190 46  126 111 138 178 165 95  94  129 105 132 84  120 22  82  140 113 133 139 171 121 26  59  157 153 

Total Distance:   1378.946219
Execution Time:   29.61  sec
Absolute Gap:     0.000000
Relative Gap:     0.000000
============= inst 648 end=============

