============= inst 649 =============
Route:
1  7  17 12 24 1  
1  10 22 18 1  
1  11 23 9  4  21 15 1  
1  14 16 26 29 1  
1  20 6  28 3  2  30 1  
1  27 25 13 5  8  19 1  

Point Location:
118 82  72  141 9   63  78  26  208 196 208 44  57  140 128 177 34  130 47  80  149 150 215 87  72  199 66  56  186 111 
114 190 203 8   15  175 130 93  15  100 71  166 9   160 37  175 148 105 90  169 32  89  53  154 58  176 71  189 156 181 

Total Distance:   1533.251785
Execution Time:   4.28  sec
Absolute Gap:     0.000000
Relative Gap:     0.000000
============= inst 649 end=============

