============= inst 65 =============
Route:
1  3  7  19 24 18 1  
1  10 21 23 30 2  13 1  
1  15 4  16 6  25 17 1  
1  22 20 12 1  
1  27 29 26 11 9  8  1  
1  28 5  14 1  

Point Location:
92  15  133 201 69  122 172 76  27  100 13  150 30  49  119 139 86  135 186 155 90  128 59  161 79  23  71  70  11  44  
146 189 188 64  196 51  211 94  55  180 83  113 165 183 90  27  63  174 205 127 205 133 216 168 46  116 142 191 134 218 

Total Distance:   1450.250648
Execution Time:   3.42  sec
Absolute Gap:     0.000000
Relative Gap:     0.000000
============= inst 65 end=============

