============= inst 650 =============
Route:
1  7  5  17 22 29 18 1  
1  10 24 27 1  
1  14 16 2  4  8  30 1  
1  15 26 12 1  
1  25 19 23 13 6  20 1  
1  28 11 9  3  21 1  

Point Location:
139 31  56  20  201 187 184 21  50  79  69  133 212 56  102 57  217 175 186 172 69  212 216 50  152 100 59  97  164 21  
85  198 119 194 125 48  105 159 119 89  164 91  67  172 57  216 151 128 16  40  118 198 33  76  25  80  28  139 215 144 

Total Distance:   1609.945347
Execution Time:   59.77  sec
Absolute Gap:     0.000000
Relative Gap:     0.000000
============= inst 650 end=============

