============= inst 651 =============
Route:
1  3  21 2  26 16 14 1  
1  5  7  22 1  
1  18 8  17 1  
1  19 10 6  13 12 1  
1  20 11 29 4  24 30 1  
1  27 15 23 25 9  28 1  

Point Location:
109 69  108 8   160 201 160 121 202 211 15  164 181 32  137 30  149 118 184 49  90  151 203 85  193 40  125 208 14  94  
144 39  40  205 118 31  145 105 172 62  107 56  38  54  206 38  114 117 118 93  40  149 213 180 192 37  190 142 149 178 

Total Distance:   1548.255700
Execution Time:   7.44  sec
Absolute Gap:     0.000000
Relative Gap:     0.000000
============= inst 651 end=============

