============= inst 652 =============
Route:
1  12 7  4  5  10 21 1  
1  22 17 9  15 18 20 1  
1  24 11 27 6  8  1  
1  26 23 3  25 2  13 1  
1  29 14 28 1  
1  30 16 19 1  

Point Location:
122 191 208 107 70  48  123 41  210 41  113 133 181 88  167 160 213 146 152 162 59  216 207 124 203 186 19  122 90  149 
65  52  65  214 213 109 171 68  187 207 133 147 64  16  191 58  147 191 40  137 173 142 77  114 61  87  145 10  30  70  

Total Distance:   1542.292478
Execution Time:   75.61  sec
Absolute Gap:     0.000000
Relative Gap:     0.000000
============= inst 652 end=============

