============= inst 653 =============
Route:
1  4  25 11 19 7  27 1  
1  10 28 3  18 23 1  
1  12 30 16 1  
1  17 24 5  1  
1  20 22 9  8  6  21 1  
1  29 13 26 15 14 2  1  

Point Location:
69  154 16  106 102 116 93  159 159 34  138 28  182 191 206 31  77  22  102 144 12  166 71  94  170 201 93  16  144 27  
98  89  204 161 149 36  191 19  63  152 203 89  119 93  127 115 130 216 211 69  11  71  190 144 175 134 157 194 113 102 

Total Distance:   1575.947827
Execution Time:   12.34  sec
Absolute Gap:     0.000000
Relative Gap:     0.000000
============= inst 653 end=============

