============= inst 654 =============
Route:
1  2  26 15 6  8  1  
1  10 27 25 5  1  
1  12 23 22 30 24 1  
1  14 29 18 1  
1  16 9  21 13 3  19 1  
1  17 28 7  20 4  11 1  

Point Location:
97  160 44  218 35  149 204 146 92  53  208 131 39  33  172 71  159 32  34  217 42  156 137 140 11  195 24  194 35  158 
57  28  179 132 61  10  191 11  212 117 88  177 196 19  7   163 106 53  152 218 203 146 167 119 79  15  138 149 42  136 

Total Distance:   1771.878582
Execution Time:   81.80  sec
Absolute Gap:     0.000000
Relative Gap:     0.000000
============= inst 654 end=============

