============= inst 655 =============
Route:
1  8  13 29 1  
1  9  15 7  27 18 12 1  
1  19 6  17 28 4  30 1  
1  20 14 25 2  23 1  
1  21 24 10 3  22 1  
1  26 11 16 5  1  

Point Location:
97  56  196 216 90  191 38  99  70  192 79  99  84  9   38  87  186 120 177 44  158 151 60  160 41  60  79  209 87  189 
129 119 217 90  158 24  22  91  84  171 190 51  94  120 26  190 45  24  33  139 133 195 106 145 118 169 25  58  106 107 

Total Distance:   1403.614233
Execution Time:   5.00  sec
Absolute Gap:     0.000000
Relative Gap:     0.000000
============= inst 655 end=============

