============= inst 656 =============
Route:
1  11 9  15 25 1  
1  14 10 29 17 19 4  1  
1  18 20 26 6  1  
1  23 2  5  7  1  
1  27 24 12 8  21 22 1  
1  30 3  13 28 16 1  

Point Location:
82  8   25  173 38  19  77  174 184 149 121 217 39  152 197 102 196 56  185 18  164 141 54  212 157 23  159 94  207 41  
95  15  180 78  14  97  65  210 110 17  117 197 216 44  108 144 39  112 64  129 199 176 80  162 84  121 125 210 34  151 

Total Distance:   1664.952126
Execution Time:   11.94  sec
Absolute Gap:     0.000000
Relative Gap:     0.000000
============= inst 656 end=============

