============= inst 657 =============
Route:
1  2  23 12 1  
1  5  7  27 10 13 21 1  
1  8  19 6  1  
1  17 25 30 20 9  11 1  
1  26 29 22 4  3  16 1  
1  28 15 18 14 24 1  

Point Location:
135 115 80  7   117 117 86  106 196 72  163 99  89  159 134 79  165 162 107 204 90  7   108 148 182 58  67  130 19  196 
142 105 114 100 34  172 47  178 201 61  204 89  79  84  86  117 155 68  190 181 83  145 87  103 141 135 26  100 175 175 

Total Distance:   1301.367658
Execution Time:   7.83  sec
Absolute Gap:     0.000000
Relative Gap:     0.000000
============= inst 657 end=============

