============= inst 658 =============
Route:
1  5  23 30 17 24 28 1  
1  13 12 14 9  10 1  
1  20 15 2  11 6  1  
1  21 8  16 1  
1  26 18 27 25 22 7  1  
1  29 4  3  19 1  

Point Location:
139 174 199 214 121 151 75  103 176 173 131 177 193 178 217 128 112 14  176 194 125 49  121 120 39  80  15  142 213 113 
107 33  101 123 171 68  130 128 204 175 26  169 147 202 63  102 218 54  108 67  144 200 182 218 158 54  55  173 123 188 

Total Distance:   1469.403893
Execution Time:   10.70  sec
Absolute Gap:     0.000000
Relative Gap:     0.000000
============= inst 658 end=============

