============= inst 659 =============
Route:
1  6  3  28 20 1  
1  7  22 8  11 1  
1  9  21 16 1  
1  13 23 10 2  19 29 1  
1  15 26 12 5  27 14 1  
1  17 18 30 25 4  24 1  

Point Location:
104 85  32  40  200 54  146 194 77  105 187 194 124 179 156 96  22  31  92  11  67  150 124 83  9   156 180 17  84  8   
80  184 15  171 205 36  16  81  12  196 125 215 176 144 180 88  123 145 174 69  31  50  218 138 162 191 146 11  169 160 

Total Distance:   1680.961782
Execution Time:   65.83  sec
Absolute Gap:     0.000000
Relative Gap:     0.000000
============= inst 659 end=============

