============= inst 66 =============
Route:
1  3  24 20 1  
1  10 11 14 25 27 6  1  
1  13 7  23 15 8  19 1  
1  21 12 17 1  
1  26 16 9  5  2  4  1  
1  28 18 29 22 30 1  

Point Location:
108 215 120 199 210 195 12  34  164 89  90  134 12  89  19  153 117 23  93  98  146 53  24  106 161 137 197 60  53  56  
147 155 193 157 178 100 126 216 209 78  39  95  124 13  190 196 112 51  159 155 104 43  175 195 37  206 7   100 9   56  

Total Distance:   1618.008964
Execution Time:   69.69  sec
Absolute Gap:     0.000000
Relative Gap:     0.000000
============= inst 66 end=============

