============= inst 660 =============
Route:
1  11 4  17 1  
1  12 5  6  7  2  25 1  
1  20 21 29 18 1  
1  26 15 10 27 9  16 1  
1  28 23 24 19 22 13 1  
1  30 8  3  14 1  

Point Location:
139 14  87  155 34  22  26  67  137 78  148 84  214 115 81  153 140 218 213 168 193 216 185 208 81  120 86  140 218 126 
86  171 37  51  81  76  130 15  211 211 96  87  139 49  178 164 61  58  181 61  32  158 181 211 133 141 211 127 20  17  

Total Distance:   1575.261289
Execution Time:   13.47  sec
Absolute Gap:     0.000000
Relative Gap:     0.000000
============= inst 660 end=============

