============= inst 661 =============
Route:
1  3  19 20 10 6  13 1  
1  16 30 9  14 27 1  
1  18 25 5  22 24 11 1  
1  26 15 21 1  
1  28 8  17 23 12 7  1  
1  29 2  4  1  

Point Location:
145 194 207 202 87  191 129 46  217 196 11  96  183 187 96  166 21  82  210 206 101 23  85  17  91  105 137 82  175 217 
123 33  103 12  213 153 35  62  209 140 130 33  150 196 119 156 55  186 113 136 125 206 32  159 203 102 171 57  70  204 

Total Distance:   1545.980984
Execution Time:   12.78  sec
Absolute Gap:     0.000000
Relative Gap:     0.000000
============= inst 661 end=============

