============= inst 662 =============
Route:
1  4  26 8  1  
1  5  17 9  12 20 25 1  
1  14 13 29 1  
1  19 27 6  7  30 28 1  
1  21 3  16 10 11 1  
1  23 18 22 2  24 15 1  

Point Location:
105 56  24  102 103 193 212 84  215 24  24  208 156 149 108 36  161 9   183 196 37  30  13  56  190 70  192 146 124 199 
113 211 98  74  27  176 186 138 25  63  52  73  67  100 209 87  20  200 121 66  118 211 155 207 58  125 118 188 85  206 

Total Distance:   1601.892506
Execution Time:   5.30  sec
Absolute Gap:     0.000000
Relative Gap:     0.000000
============= inst 662 end=============

