============= inst 663 =============
Route:
1  13 4  5  14 6  15 1  
1  19 20 8  10 1  
1  21 29 28 23 2  9  1  
1  25 16 26 12 1  
1  27 3  7  18 11 22 1  
1  30 17 24 1  

Point Location:
121 131 10  48  18  38  9   134 124 133 54  181 68  21  63  196 79  37  141 142 198 85  162 110 207 196 42  187 184 106 
68  184 191 17  20  47  197 130 192 101 176 74  12  28  73  38  92  178 95  124 152 189 185 91  16  52  118 180 163 53  

Total Distance:   1474.412898
Execution Time:   55.22  sec
Absolute Gap:     0.000000
Relative Gap:     0.000000
============= inst 663 end=============

