============= inst 664 =============
Route:
1  9  28 5  3  16 25 1  
1  10 8  13 1  
1  14 6  4  7  11 17 1  
1  19 23 2  24 21 1  
1  20 12 27 29 18 15 1  
1  26 22 30 1  

Point Location:
68  141 29  194 80  162 218 27  101 65  159 26  19  162 57  58  156 56  134 26  198 114 139 149 66  82  35  121 56  119 
104 8   212 163 195 195 140 147 167 142 109 42  125 145 39  181 107 18  26  60  41  98  8   28  180 90  29  209 9   110 

Total Distance:   1560.056762
Execution Time:   21.97  sec
Absolute Gap:     0.000000
Relative Gap:     0.000000
============= inst 664 end=============

