============= inst 665 =============
Route:
1  5  17 2  6  23 11 1  
1  9  14 10 4  1  
1  18 25 13 27 12 3  1  
1  19 15 8  24 1  
1  22 20 7  1  
1  30 16 29 21 26 28 1  

Point Location:
122 13  166 110 91  18  74  200 130 107 74  199 200 123 186 66  59  173 134 57  95  39  42  150 197 128 207 119 58  67  
121 202 113 93  142 156 57  205 56  62  124 64  40  62  187 33  171 12  138 64  12  93  156 204 19  22  57  32  22  45  

Total Distance:   1518.953825
Execution Time:   58.31  sec
Absolute Gap:     0.000000
Relative Gap:     0.000000
============= inst 665 end=============

