============= inst 666 =============
Route:
1  12 7  27 1  
1  15 5  3  21 11 9  1  
1  18 17 14 13 8  30 1  
1  19 25 16 1  
1  20 26 4  6  10 24 1  
1  29 2  23 28 22 1  

Point Location:
82  192 140 185 136 206 119 62  105 179 116 102 46  48  107 21  32  13  30  152 130 115 205 154 9   155 105 174 100 66  
86  28  168 172 158 197 84  141 130 150 157 94  160 189 112 16  152 137 42  131 168 76  22  119 7   143 80  61  25  139 

Total Distance:   1426.603614
Execution Time:   106.58  sec
Absolute Gap:     0.000000
Relative Gap:     0.000000
============= inst 666 end=============

