============= inst 667 =============
Route:
1  18 5  24 14 3  29 1  
1  20 4  23 25 28 9  1  
1  21 6  13 15 8  1  
1  22 17 12 1  
1  27 2  11 19 16 10 1  
1  30 7  26 1  

Point Location:
116 209 30  111 54  208 45  146 30  128 179 135 188 40  163 159 120 73  175 129 112 116 112 54  91  66  175 81  40  64  
133 118 79  32  144 210 172 177 23  97  88  164 205 113 194 80  175 135 80  74  216 159 8   142 30  188 142 28  70  169 

Total Distance:   1434.644297
Execution Time:   4.14  sec
Absolute Gap:     0.000000
Relative Gap:     0.000000
============= inst 667 end=============

