============= inst 668 =============
Route:
1  5  29 8  15 2  1  
1  9  16 25 12 11 22 1  
1  18 10 3  24 7  23 1  
1  20 19 17 1  
1  21 27 14 4  26 28 1  
1  30 13 6  1  

Point Location:
62  170 203 203 122 72  191 164 54  164 95  70  26  174 192 30  68  164 75  90  119 118 170 207 23  194 168 167 151 28  
57  64  126 197 28  14  70  27  121 111 165 180 20  210 18  174 68  107 82  67  187 147 76  117 192 146 208 137 15  65  

Total Distance:   1705.231744
Execution Time:   77.06  sec
Absolute Gap:     0.000000
Relative Gap:     0.000000
============= inst 668 end=============

