============= inst 669 =============
Route:
1  3  16 28 6  19 21 1  
1  7  5  22 20 26 27 1  
1  8  23 29 15 14 12 1  
1  11 2  17 9  1  
1  24 10 18 1  
1  25 30 13 4  1  

Point Location:
144 150 20  203 58  82  76  121 167 180 134 115 218 95  83  47  153 168 89  12  110 18  104 160 141 46  71  82  90  207 
101 175 96  80  207 45  156 173 185 131 153 118 24  187 200 44  196 117 51  190 68  204 204 87  14  136 133 33  204 19  

Total Distance:   1545.797519
Execution Time:   21.66  sec
Absolute Gap:     0.000000
Relative Gap:     0.000000
============= inst 669 end=============

