============= inst 67 =============
Route:
1  8  14 10 1  
1  20 4  13 2  11 3  1  
1  21 7  30 24 23 5  1  
1  22 16 9  26 25 1  
1  27 19 28 17 18 12 1  
1  29 15 6  1  

Point Location:
111 187 208 176 35  57  34  120 19  106 215 151 191 112 67  45  210 167 208 149 46  68  19  16  66  43  150 198 81  28  
106 175 152 151 96  146 141 118 47  115 165 96  163 152 209 72  79  89  12  141 126 84  96  104 73  54  31  35  207 111 

Total Distance:   1385.313188
Execution Time:   3.91  sec
Absolute Gap:     0.000000
Relative Gap:     0.000000
============= inst 67 end=============

