============= inst 670 =============
Route:
1  6  27 14 7  13 17 1  
1  9  5  22 1  
1  16 3  20 10 26 21 1  
1  18 30 4  11 1  
1  19 2  8  15 28 1  
1  24 12 29 23 25 1  

Point Location:
143 116 158 208 115 29  80  161 142 187 201 102 89  54  202 143 84  194 140 177 164 105 76  117 100 192 8   205 47  198 
128 195 31  105 111 126 217 198 121 28  97  43  190 204 169 99  184 113 156 14  93  120 65  51  109 60  146 162 33  117 

Total Distance:   1402.617265
Execution Time:   25.81  sec
Absolute Gap:     0.000000
Relative Gap:     0.000000
============= inst 670 end=============

