============= inst 671 =============
Route:
1  4  30 6  16 10 1  
1  12 28 8  7  22 5  1  
1  13 29 11 1  
1  14 27 25 2  19 17 1  
1  18 26 20 1  
1  23 3  9  21 15 24 1  

Point Location:
127 96  32  164 182 202 164 161 16  177 130 149 85  89  38  214 23  64  44  112 36  162 64  53  97  60  89  143 118 177 
74  201 68  125 173 126 181 203 40  36  129 162 122 151 28  117 142 42  146 47  22  176 71  45  198 38  162 207 138 124 

Total Distance:   1535.178823
Execution Time:   8.22  sec
Absolute Gap:     0.000000
Relative Gap:     0.000000
============= inst 671 end=============

