============= inst 672 =============
Route:
1  9  25 22 10 3  1  
1  15 18 24 1  
1  16 20 30 7  2  13 1  
1  17 8  23 6  28 11 1  
1  19 12 21 14 27 29 1  
1  26 4  5  1  

Point Location:
130 34  160 108 103 99  19  43  118 205 92  127 46  132 180 97  53  209 100 43  130 144 77  154 98  122 139 106 130 28  
102 61  38  73  72  197 71  156 39  23  144 163 69  177 146 108 132 132 143 115 180 10  213 114 26  76  161 175 148 95  

Total Distance:   1349.489845
Execution Time:   9.80  sec
Absolute Gap:     0.000000
Relative Gap:     0.000000
============= inst 672 end=============

