============= inst 673 =============
Route:
1  3  4  27 26 28 1  
1  10 8  29 12 1  
1  15 6  20 1  
1  22 17 5  19 2  18 1  
1  24 30 16 13 11 7  1  
1  25 21 14 9  23 1  

Point Location:
99  192 17  26  213 59  202 166 143 163 202 115 210 129 63  199 210 160 203 64  107 208 121 121 92  45  35  57  150 124 
124 88  84  75  39  213 117 168 31  145 132 134 189 32  163 217 40  109 93  202 16  42  73  177 63  11  43  21  170 212 

Total Distance:   1613.124903
Execution Time:   27.69  sec
Absolute Gap:     0.000000
Relative Gap:     0.000000
============= inst 673 end=============

