============= inst 674 =============
Route:
1  3  25 6  14 11 1  
1  9  16 20 1  
1  10 18 17 26 12 15 1  
1  13 21 19 29 2  4  1  
1  23 5  28 22 8  24 1  
1  27 30 7  1  

Point Location:
89  182 144 162 96  143 76  10  28  167 117 183 126 138 135 33  204 170 178 35  160 47  93  67  169 209 126 63  215 118 
120 99  75  113 41  11  131 65  134 146 51  210 102 25  205 212 166 163 86  211 93  29  87  99  48  184 137 36  103 178 

Total Distance:   1567.084760
Execution Time:   17.75  sec
Absolute Gap:     0.000000
Relative Gap:     0.000000
============= inst 674 end=============

