============= inst 675 =============
Route:
1  7  15 14 4  27 1  
1  10 18 30 1  
1  13 11 16 25 3  12 1  
1  17 6  2  8  21 20 1  
1  19 28 29 1  
1  24 5  23 22 26 9  1  

Point Location:
104 81  181 177 46  101 168 81  25  93  119 170 121 205 202 140 83  100 108 35  64  11  32  66  168 23  141 86  77  129 
63  185 212 49  15  212 36  184 72  50  181 135 160 76  12  186 147 12  110 129 132 66  34  45  206 80  58  103 102 55  

Total Distance:   1528.516367
Execution Time:   52.81  sec
Absolute Gap:     0.000000
Relative Gap:     0.000000
============= inst 675 end=============

