============= inst 676 =============
Route:
1  2  30 28 4  13 14 1  
1  10 11 7  23 17 15 1  
1  16 21 27 1  
1  19 20 9  1  
1  24 12 8  5  18 1  
1  29 3  22 6  26 25 1  

Point Location:
94  183 89  206 196 123 130 201 87  132 125 207 201 144 70  132 69  175 22  36  139 117 73  166 137 142 157 188 79  200 
146 140 191 194 83  215 22  73  123 63  56  52  208 173 40  111 37  117 87  72  109 215 21  46  191 216 109 164 167 143 

Total Distance:   1510.013441
Execution Time:   22.83  sec
Absolute Gap:     0.000000
Relative Gap:     0.000000
============= inst 676 end=============

