============= inst 677 =============
Route:
1  7  16 22 26 9  19 1  
1  10 15 21 8  2  14 1  
1  13 11 25 18 29 1  
1  17 12 28 1  
1  24 20 6  1  
1  30 3  27 4  23 5  1  

Point Location:
121 88  138 181 178 147 48  106 43  111 48  123 74  78  107 14  98  9   75  128 114 11  212 98  36  25  150 149 48  150 
95  206 177 177 142 127 108 205 171 164 59  73  80  184 167 103 50  9   127 124 171 142 160 125 50  201 215 70  21  162 

Total Distance:   1509.357336
Execution Time:   19.84  sec
Absolute Gap:     0.000000
Relative Gap:     0.000000
============= inst 677 end=============

