============= inst 678 =============
Route:
1  5  3  24 1  
1  8  2  29 27 4  22 1  
1  10 11 17 6  20 14 1  
1  15 19 26 23 1  
1  18 7  16 21 1  
1  25 28 12 13 30 9  1  

Point Location:
131 198 159 211 169 22  120 187 122 21  9   129 125 116 85  135 17  114 81  38  137 215 53  117 172 35  211 181 204 123 
106 26  111 41  109 196 11  40  167 127 126 192 186 154 71  29  179 22  69  178 81  60  117 121 154 97  37  202 7   177 

Total Distance:   1411.890310
Execution Time:   90.70  sec
Absolute Gap:     0.000000
Relative Gap:     0.000000
============= inst 678 end=============

