============= inst 679 =============
Route:
1  7  30 10 25 23 1  
1  11 27 24 1  
1  15 3  4  16 8  19 1  
1  17 13 2  9  14 26 1  
1  18 6  28 1  
1  22 20 12 5  21 29 1  

Point Location:
114 27  144 144 80  117 63  212 28  32  153 80  10  56  143 163 21  79  194 116 75  116 45  149 17  67  180 124 84  49  
154 70  93  51  66  184 182 100 33  210 212 64  149 64  122 36  154 207 144 48  76  79  178 184 195 81  213 170 102 190 

Total Distance:   1520.564391
Execution Time:   49.27  sec
Absolute Gap:     0.000000
Relative Gap:     0.000000
============= inst 679 end=============

