============= inst 68 =============
Route:
1  3  19 13 30 8  27 1  
1  7  14 18 1  
1  9  21 6  28 29 1  
1  10 2  5  20 24 12 1  
1  25 22 17 15 23 11 1  
1  26 4  16 1  

Point Location:
161 11  130 202 26  124 204 49  118 33  165 73  46  214 158 182 151 153 119 47  111 125 182 50  118 178 82  123 159 49  
143 7   115 127 8   196 183 171 174 86  39  81  143 204 26  163 18  167 105 16  185 41  31  64  73  135 150 216 217 167 

Total Distance:   1543.195276
Execution Time:   95.59  sec
Absolute Gap:     0.000000
Relative Gap:     0.000000
============= inst 68 end=============

