============= inst 680 =============
Route:
1  3  9  18 6  12 4  1  
1  7  21 13 29 8  17 1  
1  23 19 24 1  
1  25 2  16 27 5  20 1  
1  26 14 11 28 10 1  
1  30 22 15 1  

Point Location:
143 73  27  90  121 93  78  64  71  179 209 90  43  191 131 84  75  82  100 131 59  143 96  137 103 159 109 211 33  210 
145 25  147 200 41  209 100 62  196 179 212 208 90  217 86  25  64  218 117 66  99  70  151 121 63  183 41  177 43  52  

Total Distance:   1556.196924
Execution Time:   24.55  sec
Absolute Gap:     0.000000
Relative Gap:     0.000000
============= inst 680 end=============

