============= inst 681 =============
Route:
1  4  14 24 30 1  
1  9  7  28 10 22 1  
1  13 6  27 12 16 23 1  
1  20 8  19 11 18 5  1  
1  21 2  15 17 1  
1  25 26 29 3  1  

Point Location:
126 194 157 125 75  200 89  33  111 80  58  208 215 85  187 214 179 31  57  82  157 114 217 73  161 177 206 88  174 75  
125 175 78  131 210 87  22  134 37  76  187 57  113 173 181 43  170 199 164 135 137 113 7   169 97  97  59  22  95  162 

Total Distance:   1390.380081
Execution Time:   79.34  sec
Absolute Gap:     0.000000
Relative Gap:     0.000000
============= inst 681 end=============

