============= inst 682 =============
Route:
1  2  4  28 8  14 29 1  
1  3  19 6  1  
1  12 18 21 26 22 10 1  
1  15 30 25 1  
1  20 27 24 7  16 1  
1  23 11 9  13 17 5  1  

Point Location:
74  114 23  124 171 103 165 125 202 24  205 60  215 115 74  132 163 46  88  136 18  18  170 187 114 23  186 138 122 83  
119 18  175 12  51  186 192 38  52  111 83  44  13  60  100 156 37  33  175 135 8   81  98  206 70  46  165 32  69  92  

Total Distance:   1622.635798
Execution Time:   11.78  sec
Absolute Gap:     0.000000
Relative Gap:     0.000000
============= inst 682 end=============

