============= inst 683 =============
Route:
1  7  13 24 6  15 5  1  
1  10 2  11 20 28 25 1  
1  12 29 18 1  
1  14 27 4  9  26 1  
1  21 17 19 1  
1  23 30 8  22 3  16 1  

Point Location:
113 204 183 69  75  64  67  216 144 170 198 111 44  79  69  164 135 67  124 184 123 211 171 48  140 144 65  151 80  193 
71  22  217 217 42  23  51  132 206 17  41  83  64  142 23  145 135 95  109 77  132 215 110 37  67  181 188 66  101 98  

Total Distance:   1481.336176
Execution Time:   4.25  sec
Absolute Gap:     0.000000
Relative Gap:     0.000000
============= inst 683 end=============

