============= inst 684 =============
Route:
1  5  11 16 4  29 1  
1  7  30 15 21 18 2  1  
1  13 14 24 20 19 6  1  
1  26 17 10 1  
1  27 23 22 12 8  3  1  
1  28 25 9  1  

Point Location:
94  177 107 79  45  145 106 99  123 137 14  88  169 176 197 101 142 172 145 165 189 49  15  197 103 126 16  93  89  144 
125 126 172 30  44  65  159 189 122 121 10  177 90  80  218 7   124 144 40  33  176 215 173 69  88  126 152 96  48  172 

Total Distance:   1479.632340
Execution Time:   16.14  sec
Absolute Gap:     0.000000
Relative Gap:     0.000000
============= inst 684 end=============

