============= inst 685 =============
Route:
1  4  30 16 26 9  19 1  
1  11 12 7  8  17 1  
1  14 13 22 20 1  
1  18 27 29 5  10 3  1  
1  21 15 6  2  25 1  
1  24 28 23 1  

Point Location:
139 175 64  101 15  180 12  92  119 30  99  75  205 189 193 84  142 56  121 208 178 215 179 150 138 73  28  212 27  105 
98  177 137 154 215 159 23  22  207 179 92  66  120 128 148 178 28  128 172 116 131 123 84  55  152 207 158 47  167 170 

Total Distance:   1587.640327
Execution Time:   4.80  sec
Absolute Gap:     0.000000
Relative Gap:     0.000000
============= inst 685 end=============

