============= inst 686 =============
Route:
1  7  24 21 23 13 1  
1  9  14 15 25 2  28 1  
1  10 22 12 1  
1  16 29 8  1  
1  17 30 20 4  18 11 1  
1  19 5  3  27 6  26 1  

Point Location:
78  132 214 52  187 201 21  102 122 35  62  35  23  169 185 118 86  15  177 89  18  24  22  16  182 152 202 86  131 103 
83  12  117 196 124 210 24  94  98  98  137 107 61  104 73  126 180 199 144 207 39  119 45  30  11  158 162 41  127 182 

Total Distance:   1587.259064
Execution Time:   20.83  sec
Absolute Gap:     0.000000
Relative Gap:     0.000000
============= inst 686 end=============

