============= inst 687 =============
Route:
1  8  2  19 25 1  
1  9  26 27 22 4  30 1  
1  15 6  14 5  17 13 1  
1  16 29 23 18 1  
1  21 3  10 1  
1  28 7  20 12 24 11 1  

Point Location:
140 78  212 197 35  45  48  95  182 192 59  38  13  40  62  143 7   122 86  13  190 205 123 39  135 181 188 78  122 201 
150 207 168 60  50  36  157 182 54  207 186 204 123 20  45  59  46  41  217 180 111 34  27  188 180 31  18  131 8   76  

Total Distance:   1769.242150
Execution Time:   41.95  sec
Absolute Gap:     0.000000
Relative Gap:     0.000000
============= inst 687 end=============

