============= inst 688 =============
Route:
1  16 9  14 1  
1  17 13 20 6  15 1  
1  18 22 27 1  
1  19 21 10 5  7  25 1  
1  24 26 28 3  8  30 1  
1  29 12 23 11 2  4  1  

Point Location:
105 198 87  177 20  25  14  76  176 32  200 185 15  173 68  166 54  132 44  23  49  149 188 109 54  101 141 124 163 64  
152 151 34  177 57  212 82  34  139 43  111 114 174 138 196 145 152 128 51  187 10  106 87  77  138 73  131 44  114 44  

Total Distance:   1475.826357
Execution Time:   15.67  sec
Absolute Gap:     0.000000
Relative Gap:     0.000000
============= inst 688 end=============

