============= inst 689 =============
Route:
1  5  27 3  9  30 11 1  
1  7  21 6  23 15 20 1  
1  10 16 26 25 2  1  
1  17 19 28 1  
1  18 14 12 1  
1  29 13 8  22 24 4  1  

Point Location:
56  106 185 22  103 170 81  46  190 117 150 68  59  69  169 146 12  50  26  134 115 16  206 7   133 131 161 56  60  186 
105 64  144 148 189 10  45  185 127 125 117 61  180 37  35  114 50  52  45  42  11  201 7   148 62  73  169 87  161 117 

Total Distance:   1528.636386
Execution Time:   29.86  sec
Absolute Gap:     0.000000
Relative Gap:     0.000000
============= inst 689 end=============

