============= inst 69 =============
Route:
1  5  7  29 21 1  
1  10 19 27 6  1  
1  22 9  20 17 12 14 1  
1  24 16 28 1  
1  25 2  15 26 8  3  1  
1  30 18 11 13 4  23 1  

Point Location:
109 38  22  173 90  57  24  23  203 50  209 79  210 79  20  136 124 199 49  173 80  213 184 157 52  10  51  120 29  187 
77  200 106 7   72  109 62  151 200 127 63  203 20  139 208 116 209 64  118 200 52  182 36  99  192 156 112 136 23  58  

Total Distance:   1645.319747
Execution Time:   5.95  sec
Absolute Gap:     0.000000
Relative Gap:     0.000000
============= inst 69 end=============

