============= inst 690 =============
Route:
1  2  17 28 20 25 21 1  
1  7  23 8  9  15 11 1  
1  10 3  4  26 1  
1  18 19 12 5  13 30 1  
1  24 6  22 16 1  
1  27 14 29 1  

Point Location:
122 120 44  48  58  120 174 193 205 61  189 14  90  174 197 133 140 87  45  164 171 124 186 124 174 62  159 117 151 107 
144 115 155 136 23  188 94  59  41  174 114 64  71  192 92  193 63  102 59  19  66  210 77  183 53  123 143 50  194 79  

Total Distance:   1442.224529
Execution Time:   61.69  sec
Absolute Gap:     0.000000
Relative Gap:     0.000000
============= inst 690 end=============

