============= inst 691 =============
Route:
1  10 13 16 1  
1  21 18 11 9  2  1  
1  23 12 15 1  
1  25 22 6  14 26 8  1  
1  29 20 7  3  27 5  1  
1  30 19 17 4  28 24 1  

Point Location:
93  60  87  189 124 178 45  149 48  98  110 155 118 186 143 116 211 106 211 18  100 194 135 129 171 149 85  158 29  182 
108 52  184 175 176 54  201 63  12  118 20  98  118 23  97  100 206 44  131 152 78  82  104 190 103 53  174 173 117 145 

Total Distance:   1484.322657
Execution Time:   40.59  sec
Absolute Gap:     0.000000
Relative Gap:     0.000000
============= inst 691 end=============

