============= inst 692 =============
Route:
1  9  4  19 1  
1  13 27 10 3  6  15 1  
1  18 28 16 2  11 23 1  
1  22 25 7  30 12 1  
1  26 21 20 1  
1  29 8  5  17 24 14 1  

Point Location:
90  195 184 96  25  161 109 18  94  144 199 125 103 19  138 200 22  106 83  71  43  81  207 10  80  56  126 138 30  126 
142 77  172 192 28  167 75  11  148 191 107 105 202 118 151 46  35  97  191 178 212 54  119 88  52  170 218 60  21  92  

Total Distance:   1461.666173
Execution Time:   65.24  sec
Absolute Gap:     0.000000
Relative Gap:     0.000000
============= inst 692 end=============

