============= inst 693 =============
Route:
1  3  15 20 1  
1  8  27 17 21 26 1  
1  12 30 25 7  14 18 1  
1  13 24 6  4  5  22 1  
1  19 16 2  11 1  
1  28 23 9  10 29 1  

Point Location:
109 32  170 93  113 75  136 93  196 171 82  217 84  128 215 19  56  115 51  153 30  100 195 73  155 10  87  152 147 172 
73  160 20  209 190 194 197 49  113 118 131 199 171 149 20  113 23  123 119 61  29  170 96  179 207 34  19  87  103 190 

Total Distance:   1663.272414
Execution Time:   19.24  sec
Absolute Gap:     0.000000
Relative Gap:     0.000000
============= inst 693 end=============

