============= inst 694 =============
Route:
1  4  28 3  25 20 30 1  
1  8  19 21 6  16 7  1  
1  15 22 14 17 2  27 1  
1  18 11 24 9  13 1  
1  26 10 12 1  
1  29 23 5  1  

Point Location:
127 155 32  65  167 46  56  73  214 159 208 156 179 92  84  50  113 201 51  44  11  96  139 209 25  128 139 35  133 46  
60  184 75  59  86  175 156 118 172 23  132 40  131 209 143 186 189 127 135 104 140 158 59  150 101 22  157 28  59  103 

Total Distance:   1526.306192
Execution Time:   20.23  sec
Absolute Gap:     0.000000
Relative Gap:     0.000000
============= inst 694 end=============

