============= inst 695 =============
Route:
1  5  21 13 27 15 1  
1  8  19 16 1  
1  9  26 18 28 14 23 1  
1  17 6  3  2  25 30 1  
1  20 7  11 1  
1  22 12 24 10 29 4  1  

Point Location:
144 19  14  106 141 27  164 172 142 94  184 64  218 68  198 159 47  107 166 165 182 105 104 68  26  109 211 86  99  70  
101 72  65  114 210 57  158 111 9   161 172 201 207 16  123 64  67  23  83  151 189 183 69  180 149 18  167 11  137 129 

Total Distance:   1547.339516
Execution Time:   11.52  sec
Absolute Gap:     0.000000
Relative Gap:     0.000000
============= inst 695 end=============

