============= inst 696 =============
Route:
1  3  12 17 25 21 28 1  
1  6  19 27 14 29 1  
1  10 24 13 23 11 9  1  
1  20 7  2  1  
1  22 5  4  1  
1  26 15 18 8  30 16 1  

Point Location:
69  21  84  78  68  109 27  197 83  155 104 89  176 124 133 171 81  211 120 34  50  48  178 207 56  116 138 40  120 196 
106 100 176 152 145 119 24  145 76  76  50  188 39  88  174 118 217 197 147 20  185 140 11  72  194 174 104 180 80  132 

Total Distance:   1547.494299
Execution Time:   12.28  sec
Absolute Gap:     0.000000
Relative Gap:     0.000000
============= inst 696 end=============

