============= inst 697 =============
Route:
1  4  27 13 9  1  
1  11 17 5  6  20 1  
1  19 16 8  21 22 23 1  
1  24 15 14 10 12 1  
1  26 30 3  1  
1  29 25 18 28 7  2  1  

Point Location:
115 24  121 155 20  54  30  192 148 126 68  127 163 108 107 176 42  14  158 94  192 200 188 90  68  103 152 10  88  114 
136 124 180 146 169 164 105 33  169 64  171 96  164 52  69  27  185 7   72  142 106 154 198 99  11  135 158 98  25  169 

Total Distance:   1465.089566
Execution Time:   36.77  sec
Absolute Gap:     0.000000
Relative Gap:     0.000000
============= inst 697 end=============

