============= inst 698 =============
Route:
1  7  4  13 1  
1  9  25 8  24 15 6  1  
1  16 11 3  17 1  
1  23 5  21 10 19 1  
1  28 14 20 2  30 1  
1  29 27 26 18 22 12 1  

Point Location:
70  128 25  72  135 61  83  24  23  105 33  159 72  87  63  40  45  208 105 150 143 173 109 34  10  216 204 21  148 99  
121 189 102 79  39  68  113 24  92  15  86  70  91  205 65  80  121 113 41  204 12  87  90  34  76  174 172 175 154 141 

Total Distance:   1465.641127
Execution Time:   17.64  sec
Absolute Gap:     0.000000
Relative Gap:     0.000000
============= inst 698 end=============

