============= inst 699 =============
Route:
1  4  10 18 2  17 21 1  
1  6  15 8  9  1  
1  13 25 12 11 30 7  1  
1  14 28 22 5  24 3  1  
1  16 29 19 20 1  
1  26 23 27 1  

Point Location:
158 57  93  122 22  135 91  217 212 107 76  56  84  65  148 145 37  86  136 151 102 20  216 92  47  214 214 20  106 90  
106 22  186 51  218 85  151 14  50  45  164 152 108 189 23  114 33  35  196 205 69  215 93  203 123 115 82  209 170 168 

Total Distance:   1625.393530
Execution Time:   53.97  sec
Absolute Gap:     0.000000
Relative Gap:     0.000000
============= inst 699 end=============

