============= inst 7 =============
Route:
1  3  22 16 1  
1  5  2  30 19 4  17 1  
1  11 18 28 13 1  
1  23 12 7  10 29 1  
1  25 15 20 26 14 21 1  
1  27 6  24 8  9  1  

Point Location:
98  154 167 98  145 30  204 46  63  176 110 170 90  64  14  149 98  102 136 19  73  170 154 33  34  26  8   96  145 160 
119 30  140 33  35  27  37  42  48  74  74  53  60  196 156 124 46  51  23  200 156 125 73  42  138 216 43  61  91  22  

Total Distance:   1400.381641
Execution Time:   38.67  sec
Absolute Gap:     0.000000
Relative Gap:     0.000000
============= inst 7 end=============

