============= inst 70 =============
Route:
1  2  6  16 1  
1  9  10 21 24 17 30 1  
1  14 4  25 20 3  18 1  
1  19 26 12 7  22 1  
1  27 29 8  1  
1  28 13 23 11 5  15 1  

Point Location:
97  127 136 178 193 40  25  73  135 87  203 19  217 148 137 38  13  128 13  157 52  61  210 45  176 15  72  212 63  32  
135 143 192 197 18  168 189 109 22  26  49  171 93  182 38  162 38  184 122 210 23  204 83  21  211 144 96  133 80  53  

Total Distance:   1600.807245
Execution Time:   40.97  sec
Absolute Gap:     0.000000
Relative Gap:     0.000000
============= inst 70 end=============

