============= inst 700 =============
Route:
1  10 8  22 17 5  30 1  
1  12 9  2  1  
1  14 19 25 6  16 23 1  
1  15 7  27 1  
1  24 3  29 13 4  21 1  
1  26 28 18 11 20 1  

Point Location:
142 185 63  36  194 20  98  164 191 152 159 166 21  21  132 73  214 141 32  175 61  202 92  77  7   137 101 101 51  189 
117 129 48  51  62  184 15  42  145 39  217 159 22  125 85  178 71  214 149 197 84  24  155 61  169 169 25  200 25  60  

Total Distance:   1584.561960
Execution Time:   2.64  sec
Absolute Gap:     0.000000
Relative Gap:     0.000000
============= inst 700 end=============

