============= inst 701 =============
Route:
1  6  10 26 30 13 22 1  
1  9  2  18 29 19 3  1  
1  14 7  5  21 4  1  
1  16 28 15 1  
1  20 27 17 8  24 25 1  
1  23 12 11 1  

Point Location:
99  107 29  130 121 212 110 207 98  205 87  60  169 84  72  38  174 128 26  138 148 165 82  211 176 198 151 15  61  177 
148 48  99  167 208 70  209 147 69  53  145 123 19  185 175 156 108 10  69  86  192 48  129 173 143 27  78  213 34  12  

Total Distance:   1586.720510
Execution Time:   27.38  sec
Absolute Gap:     0.000000
Relative Gap:     0.000000
============= inst 701 end=============

