============= inst 702 =============
Route:
1  8  20 19 1  
1  9  24 7  28 15 13 1  
1  10 21 17 1  
1  25 23 22 5  3  30 1  
1  26 18 12 4  27 1  
1  29 14 6  16 2  11 1  

Point Location:
104 180 26  7   11  179 89  94  120 186 142 8   85  143 49  196 135 12  110 95  176 9   23  122 36  37  36  85  106 40  
110 153 87  74  95  184 203 70  185 7   145 65  159 174 210 141 108 43  63  27  90  119 125 193 121 40  75  196 156 100 

Total Distance:   1505.762431
Execution Time:   4.55  sec
Absolute Gap:     0.000000
Relative Gap:     0.000000
============= inst 702 end=============

