============= inst 703 =============
Route:
1  9  20 8  14 1  
1  11 2  10 22 16 27 1  
1  13 5  21 28 29 7  1  
1  19 17 30 18 1  
1  23 24 4  1  
1  25 12 15 3  6  26 1  

Point Location:
128 7   122 92  174 163 185 73  54  14  79  113 175 77  111 29  131 167 120 51  209 34  141 113 118 212 39  202 188 147 
73  132 207 54  15  211 71  59  9   207 89  161 26  55  170 161 121 116 97  56  27  207 59  32  149 186 139 32  61  145 

Total Distance:   1539.068693
Execution Time:   9.67  sec
Absolute Gap:     0.000000
Relative Gap:     0.000000
============= inst 703 end=============

