============= inst 704 =============
Route:
1  3  30 14 16 13 29 1  
1  4  20 27 11 1  
1  6  23 25 1  
1  9  15 8  10 1  
1  17 12 2  7  26 5  1  
1  18 22 24 21 19 28 1  

Point Location:
93  206 157 52  176 71  206 144 106 152 82  151 173 187 143 178 109 61  92  23  96  17  70  57  80  197 59  106 141 191 
161 50  207 217 101 140 90  156 150 164 132 17  136 179 150 142 18  109 57  130 47  16  151 12  158 106 129 82  119 194 

Total Distance:   1533.924853
Execution Time:   94.03  sec
Absolute Gap:     0.000000
Relative Gap:     0.000000
============= inst 704 end=============

