============= inst 705 =============
Route:
1  5  22 3  1  
1  9  21 6  12 1  
1  15 11 24 20 2  7  1  
1  27 23 4  8  1  
1  28 25 10 14 16 30 1  
1  29 26 18 19 17 13 1  

Point Location:
156 18  180 138 170 132 92  179 177 101 48  117 169 88  123 74  176 212 208 34  149 184 113 48  110 202 113 148 206 91  
90  39  70  170 115 33  48  150 23  214 104 24  195 194 92  180 200 179 218 50  30  81  157 71  197 160 145 121 151 141 

Total Distance:   1482.049074
Execution Time:   104.67  sec
Absolute Gap:     0.000000
Relative Gap:     0.000000
============= inst 705 end=============

