============= inst 706 =============
Route:
1  2  6  20 27 9  5  1  
1  4  29 21 18 3  8  1  
1  10 23 12 1  
1  13 28 15 30 22 11 1  
1  16 26 7  24 17 1  
1  19 14 25 1  

Point Location:
100 149 61  109 140 170 26  68  162 77  111 63  201 41  168 71  44  78  65  203 79  132 56  40  36  29  217 197 76  145 
107 129 8   43  102 161 18  27  112 166 71  169 84  140 42  86  51  8   142 202 20  50  180 28  118 54  183 9   26  29  

Total Distance:   1486.863185
Execution Time:   97.33  sec
Absolute Gap:     0.000000
Relative Gap:     0.000000
============= inst 706 end=============

