============= inst 707 =============
Route:
1  8  21 14 6  4  7  1  
1  9  5  13 30 12 1  
1  10 15 18 1  
1  11 28 16 29 25 26 1  
1  19 3  22 23 2  27 1  
1  20 24 17 1  

Point Location:
94  186 155 25  94  23  36  40  90  84  160 138 117 13  68  163 167 78  123 168 16  189 183 176 213 195 119 149 207 117 
83  11  45  140 186 132 179 28  186 98  166 153 170 115 115 218 111 119 62  126 87  58  29  128 168 134 26  209 207 161 

Total Distance:   1572.327825
Execution Time:   5.23  sec
Absolute Gap:     0.000000
Relative Gap:     0.000000
============= inst 707 end=============

