============= inst 708 =============
Route:
1  2  25 14 1  
1  5  17 6  22 11 1  
1  8  13 15 19 1  
1  10 7  28 26 3  30 1  
1  20 12 16 9  23 1  
1  29 18 4  21 27 24 1  

Point Location:
142 110 70  7   162 189 70  213 172 100 216 165 197 130 188 181 194 47  158 138 18  211 159 61  64  44  49  65  103 115 
156 160 26  180 211 193 61  123 51  79  165 48  108 147 111 46  218 211 135 102 138 187 77  164 134 43  157 51  209 53  

Total Distance:   1523.271502
Execution Time:   75.16  sec
Absolute Gap:     0.000000
Relative Gap:     0.000000
============= inst 708 end=============

