============= inst 709 =============
Route:
1  4  14 18 8  30 1  
1  10 17 22 6  29 2  1  
1  12 23 9  7  20 16 1  
1  13 28 11 1  
1  19 3  5  24 15 21 1  
1  27 26 25 1  

Point Location:
96  116 21  188 20  189 179 138 188 139 49  158 23  156 104 161 176 145 61  170 108 197 162 45  82  59  72  30  127 145 
156 187 115 63  80  201 108 25  133 178 156 156 163 40  89  116 176 31  114 105 108 192 134 47  210 202 155 151 202 67  

Total Distance:   1435.315490
Execution Time:   7.50  sec
Absolute Gap:     0.000000
Relative Gap:     0.000000
============= inst 709 end=============

