============= inst 71 =============
Route:
1  4  9  29 2  1  
1  6  18 10 8  1  
1  12 7  5  20 23 27 1  
1  13 26 3  24 30 19 1  
1  16 28 15 1  
1  25 22 21 17 11 14 1  

Point Location:
109 170 92  159 205 100 206 129 173 158 37  153 90  34  142 112 20  117 73  188 8   49  193 53  74  79  176 128 179 25  
134 140 20  164 47  176 41  163 167 193 97  46  71  75  100 83  139 206 67  58  202 203 72  23  172 34  104 100 135 33  

Total Distance:   1499.262045
Execution Time:   10.42  sec
Absolute Gap:     0.000000
Relative Gap:     0.000000
============= inst 71 end=============

