============= inst 710 =============
Route:
1  6  19 23 28 1  
1  10 2  26 4  8  1  
1  13 9  21 1  
1  16 14 17 5  30 15 1  
1  18 11 24 3  7  1  
1  20 22 25 12 29 27 1  

Point Location:
138 89  183 25  199 110 172 33  155 75  217 129 143 209 195 187 209 211 84  140 180 156 91  201 135 39  119 94  124 199 
104 24  203 81  32  149 186 84  131 44  194 26  111 71  30  97  62  140 182 49  139 14  216 189 26  16  33  211 26  27  

Total Distance:   1430.772721
Execution Time:   1.34  sec
Absolute Gap:     0.000000
Relative Gap:     0.000000
============= inst 710 end=============

