============= inst 711 =============
Route:
1  5  12 2  11 23 28 1  
1  6  24 15 9  8  1  
1  13 7  25 1  
1  22 27 10 4  1  
1  26 20 3  19 16 17 1  
1  30 29 18 14 21 1  

Point Location:
81  213 180 107 112 42  32  75  51  115 160 126 18  14  23  200 177 58  192 188 20  99  139 17  43  171 113 103 96  75  
147 158 51  77  155 175 110 176 202 79  197 170 109 27  185 107 111 29  77  7   74  122 200 171 104 16  93  199 60  75  

Total Distance:   1565.863699
Execution Time:   43.03  sec
Absolute Gap:     0.000000
Relative Gap:     0.000000
============= inst 711 end=============

