============= inst 712 =============
Route:
1  13 9  27 24 1  
1  16 29 18 25 8  15 1  
1  17 11 6  21 3  1  
1  20 30 23 12 14 7  1  
1  22 19 10 26 2  1  
1  28 4  5  1  

Point Location:
113 127 56  71  103 57  113 14  201 181 85  96  214 105 17  54  93  10  187 64  35  193 78  136 12  177 136 72  25  16  
143 190 47  93  131 22  191 111 55  202 20  203 54  200 126 84  63  66  201 164 16  184 208 70  93  212 51  85  67  217 

Total Distance:   1573.051913
Execution Time:   20.48  sec
Absolute Gap:     0.000000
Relative Gap:     0.000000
============= inst 712 end=============

