============= inst 713 =============
Route:
1  12 10 23 11 7  1  
1  14 8  4  26 17 21 1  
1  15 19 28 13 29 1  
1  20 6  5  1  
1  22 3  2  9  18 16 1  
1  30 25 24 27 1  

Point Location:
104 35  13  194 150 159 95  182 40  52  35  69  202 183 151 77  155 41  153 150 157 12  30  177 185 181 150 188 176 161 
69  19  30  212 49  40  164 206 8   124 183 122 97  177 158 40  213 37  166 21  206 86  187 58  44  212 67  153 87  51  

Total Distance:   1604.399457
Execution Time:   71.09  sec
Absolute Gap:     0.000000
Relative Gap:     0.000000
============= inst 713 end=============

