============= inst 714 =============
Route:
1  4  26 5  2  28 6  1  
1  8  15 18 1  
1  10 23 12 1  
1  14 3  29 16 11 1  
1  20 19 17 7  13 21 1  
1  24 27 9  22 25 30 1  

Point Location:
89  167 128 124 152 157 74  106 215 51  77  86  52  107 129 61  94  119 112 121 69  205 79  189 181 126 201 180 73  172 
112 188 37  204 179 121 194 112 126 133 75  136 207 89  95  17  174 98  153 145 159 87  135 143 74  218 129 163 14  50  

Total Distance:   1345.569641
Execution Time:   104.78  sec
Absolute Gap:     0.000000
Relative Gap:     0.000000
============= inst 714 end=============

