============= inst 715 =============
Route:
1  2  8  28 1  
1  3  16 14 1  
1  5  18 22 25 6  1  
1  9  10 29 15 11 13 1  
1  12 27 26 4  24 17 1  
1  20 19 21 7  23 30 1  

Point Location:
75  36  83  180 13  69  213 40  110 140 125 101 93  34  125 79  123 10  173 149 196 22  191 171 82  185 144 73  128 174 
85  59  33  13  174 146 158 88  144 157 208 86  177 8   189 33  21  174 210 188 212 218 151 8   189 64  49  93  166 116 

Total Distance:   1662.308765
Execution Time:   44.14  sec
Absolute Gap:     0.000000
Relative Gap:     0.000000
============= inst 715 end=============

