============= inst 716 =============
Route:
1  3  25 22 27 2  16 1  
1  8  28 9  1  
1  12 29 7  24 10 1  
1  18 17 13 14 23 11 1  
1  20 30 15 1  
1  26 4  19 21 6  5  1  

Point Location:
132 112 163 15  69  51  107 140 205 88  43  136 7   10  98  130 54  69  19  88  20  164 7   76  150 24  159 206 124 87  
133 14  85  214 93  117 74  214 124 84  94  110 11  51  198 58  27  49  186 174 161 42  60  63  65  207 13  190 94  201 

Total Distance:   1694.192476
Execution Time:   19.61  sec
Absolute Gap:     0.000000
Relative Gap:     0.000000
============= inst 716 end=============

