============= inst 717 =============
Route:
1  13 15 3  1  
1  19 11 4  5  24 7  1  
1  23 25 18 8  26 21 1  
1  27 20 22 28 6  1  
1  29 14 17 2  9  12 1  
1  30 16 10 1  

Point Location:
115 44  184 194 216 80  203 114 51  123 175 84  179 29  190 158 43  86  160 27  156 26  95  203 78  132 43  77  56  166 
62  181 24  215 210 82  111 166 166 10  211 125 9   148 11  30  156 209 207 57  99  83  141 159 187 157 17  78  127 49  

Total Distance:   1660.682436
Execution Time:   32.26  sec
Absolute Gap:     0.000000
Relative Gap:     0.000000
============= inst 717 end=============

