============= inst 718 =============
Route:
1  7  17 4  22 6  1  
1  8  14 3  10 1  
1  12 28 26 13 19 29 1  
1  16 18 2  15 20 1  
1  21 25 11 27 5  24 1  
1  30 9  23 1  

Point Location:
118 214 36  45  130 75  86  67  132 93  208 68  41  39  155 181 46  190 92  157 143 46  106 103 190 8   213 40  100 143 
58  26  82  9   162 24  7   62  65  97  158 117 207 57  7   81  9   89  214 37  108 13  66  128 146 204 192 174 157 63  

Total Distance:   1564.350639
Execution Time:   6.70  sec
Absolute Gap:     0.000000
Relative Gap:     0.000000
============= inst 718 end=============

