============= inst 719 =============
Route:
1  9  16 10 1  
1  14 4  25 27 29 24 1  
1  15 5  3  21 26 1  
1  18 20 28 1  
1  19 23 8  6  7  17 1  
1  30 22 12 11 2  13 1  

Point Location:
89  146 15  138 15  14  32  16  24  41  184 158 138 100 21  23  52  61  123 47  32  147 78  180 175 39  194 41  198 108 
88  170 122 11  93  212 196 212 45  26  194 145 159 49  86  41  163 146 205 130 117 141 205 124 51  104 84  122 100 99  

Total Distance:   1529.593650
Execution Time:   5.86  sec
Absolute Gap:     0.000000
Relative Gap:     0.000000
============= inst 719 end=============

