============= inst 72 =============
Route:
1  5  2  24 3  13 12 1  
1  11 6  21 17 19 27 1  
1  15 7  8  18 4  16 1  
1  22 14 23 10 26 1  
1  28 9  29 1  
1  30 25 20 1  

Point Location:
116 35  31  100 64  207 133 101 72  106 172 42  11  157 135 94  200 108 201 112 203 156 154 7   121 94  140 122 52  124 
74  8   33  171 11  37  189 198 137 10  73  47  65  12  183 169 159 181 169 32  88  12  7   8   42  38  116 95  132 65  

Total Distance:   1465.130700
Execution Time:   70.70  sec
Absolute Gap:     0.000000
Relative Gap:     0.000000
============= inst 72 end=============

