============= inst 720 =============
Route:
1  7  11 10 14 21 3  1  
1  9  30 22 24 2  26 1  
1  13 8  25 15 1  
1  16 20 27 5  12 18 1  
1  23 17 4  6  1  
1  29 28 19 1  

Point Location:
78  214 123 84  132 75  168 32  155 197 179 170 88  191 49  77  27  112 144 81  214 165 15  204 33  165 101 136 122 162 
100 154 9   157 215 138 97  20  158 102 94  212 36  86  49  182 169 169 117 190 33  171 134 189 38  134 212 102 104 174 

Total Distance:   1663.093645
Execution Time:   53.27  sec
Absolute Gap:     0.000000
Relative Gap:     0.000000
============= inst 720 end=============

