============= inst 721 =============
Route:
1  2  21 10 23 1  
1  5  9  29 14 1  
1  6  27 15 1  
1  17 20 28 7  24 22 1  
1  19 30 11 8  12 26 1  
1  25 4  18 3  13 16 1  

Point Location:
85  26  113 109 76  46  217 130 29  31  196 113 121 43  54  109 113 101 158 129 11  148 49  203 97  111 36  213 27  196 
86  77  181 177 138 94  187 15  181 7   15  34  169 163 69  160 114 209 90  125 58  162 11  204 147 66  79  170 182 26  

Total Distance:   1527.110795
Execution Time:   33.19  sec
Absolute Gap:     0.000000
Relative Gap:     0.000000
============= inst 721 end=============

