============= inst 722 =============
Route:
1  6  19 26 1  
1  7  20 21 28 17 8  1  
1  15 4  23 3  25 11 1  
1  22 5  2  1  
1  27 30 18 12 24 13 1  
1  29 16 14 10 9  1  

Point Location:
119 130 188 203 139 109 66  62  155 187 172 10  81  200 141 166 42  56  103 23  22  139 192 13  190 100 77  39  62  78  
111 103 90  25  78  69  112 138 138 147 127 45  113 152 63  202 148 21  71  106 125 72  50  56  119 74  48  151 216 23  

Total Distance:   1408.631819
Execution Time:   4.74  sec
Absolute Gap:     0.000000
Relative Gap:     0.000000
============= inst 722 end=============

