============= inst 723 =============
Route:
1  4  8  18 14 10 22 1  
1  5  11 16 17 3  7  1  
1  13 12 9  23 2  24 1  
1  15 26 27 1  
1  20 6  21 1  
1  28 30 25 19 29 1  

Point Location:
85  203 96  155 61  112 100 174 196 211 48  188 198 214 164 8   14  208 49  117 89  180 191 151 26  173 155 27  81  8   
134 212 14  63  91  180 32  40  172 81  78  155 138 42  156 52  24  42  215 171 159 94  181 210 170 144 103 143 191 142 

Total Distance:   1634.037492
Execution Time:   33.25  sec
Absolute Gap:     0.000000
Relative Gap:     0.000000
============= inst 723 end=============

