============= inst 724 =============
Route:
1  3  10 24 12 13 1  
1  4  22 16 29 7  18 1  
1  9  25 28 1  
1  15 14 21 1  
1  19 27 6  5  8  2  1  
1  20 30 23 26 17 11 1  

Point Location:
108 85  64  187 123 186 157 112 98  46  48  43  67  131 134 213 49  137 166 27  138 217 18  14  97  36  202 111 174 24  
68  162 140 50  177 195 127 199 86  167 92  139 111 61  54  118 94  113 155 35  74  76  101 197 41  104 162 42  141 81  

Total Distance:   1484.861955
Execution Time:   58.06  sec
Absolute Gap:     0.000000
Relative Gap:     0.000000
============= inst 724 end=============

