============= inst 725 =============
Route:
1  3  9  28 29 19 27 1  
1  5  12 16 24 20 11 1  
1  6  15 13 22 25 1  
1  17 2  30 1  
1  23 7  10 1  
1  26 18 4  8  21 14 1  

Point Location:
94  53  84  211 125 170 60  212 76  50  8   130 184 147 193 78  56  204 8   34  152 163 80  74  153 162 22  21  7   90  
107 82  39  161 185 58  69  217 18  49  132 208 35  145 42  206 82  118 72  203 171 20  97  207 30  122 81  10  37  114 

Total Distance:   1572.146658
Execution Time:   2.95  sec
Absolute Gap:     0.000000
Relative Gap:     0.000000
============= inst 725 end=============

