============= inst 726 =============
Route:
1  2  23 6  22 5  12 1  
1  7  27 10 24 26 1  
1  17 13 20 1  
1  19 21 16 1  
1  28 18 4  8  25 3  1  
1  29 30 15 11 14 9  1  

Point Location:
129 105 16  20  165 175 139 17  67  155 37  157 111 35  34  198 111 31  156 139 163 180 153 191 11  191 130 87  71  71  
93  200 120 195 160 197 56  136 79  49  51  155 63  60  36  110 69  199 112 83  139 180 175 29  120 59  39  160 32  7   

Total Distance:   1441.276947
Execution Time:   36.95  sec
Absolute Gap:     0.000000
Relative Gap:     0.000000
============= inst 726 end=============

