============= inst 727 =============
Route:
1  7  8  18 6  4  2  1  
1  9  17 30 25 1  
1  10 27 21 3  16 14 1  
1  20 15 24 1  
1  22 29 11 19 5  1  
1  28 13 12 26 23 1  

Point Location:
74  199 203 217 30  218 172 184 92  87  12  16  34  114 146 164 87  216 19  134 178 34  19  101 80  7   170 62  8   73  
117 39  163 36  96  50  117 94  76  199 83  217 187 133 83  153 40  64  78  112 210 122 155 81  57  154 203 137 103 13  

Total Distance:   1556.287495
Execution Time:   5.89  sec
Absolute Gap:     0.000000
Relative Gap:     0.000000
============= inst 727 end=============

