============= inst 728 =============
Route:
1  6  21 14 22 30 1  
1  7  25 8  1  
1  11 5  26 2  12 1  
1  13 4  10 20 23 29 1  
1  16 3  18 15 1  
1  28 17 9  19 27 24 1  

Point Location:
82  22  116 160 37  35  97  115 218 166 47  36  143 36  79  100 190 71  200 210 35  77  205 126 132 26  193 162 166 72  
97  139 187 164 148 45  61  103 75  169 144 140 162 18  158 150 119 187 50  212 39  49  140 29  78  166 12  115 122 63  

Total Distance:   1528.070845
Execution Time:   18.13  sec
Absolute Gap:     0.000000
Relative Gap:     0.000000
============= inst 728 end=============

