============= inst 729 =============
Route:
1  3  15 2  20 23 8  1  
1  7  13 11 1  
1  9  12 25 5  29 27 1  
1  14 17 16 26 22 1  
1  18 10 30 6  19 21 1  
1  24 4  28 1  

Point Location:
141 212 207 214 32  69  136 138 34  62  135 8   123 70  213 29  49  94  70  214 121 38  151 202 15  17  55  169 43  66  
147 52  95  188 181 199 143 24  118 187 163 126 142 80  79  27  45  156 201 15  166 110 26  179 188 48  218 181 203 198 

Total Distance:   1537.070775
Execution Time:   59.84  sec
Absolute Gap:     0.000000
Relative Gap:     0.000000
============= inst 729 end=============

