============= inst 73 =============
Route:
1  3  29 23 14 22 26 1  
1  10 12 5  8  1  
1  11 27 4  20 18 1  
1  19 13 2  28 21 6  1  
1  24 15 17 1  
1  25 16 30 7  9  1  

Point Location:
116 10  95  32  208 64  196 196 171 199 10  210 22  67  110 212 127 65  34  39  63  98  90  97  137 101 9   14  91  214 
122 200 75  68  193 172 90  194 97  105 97  103 154 27  162 34  112 62  132 55  209 20  45  139 68  36  47  209 69  57  

Total Distance:   1593.509970
Execution Time:   5.42  sec
Absolute Gap:     0.000000
Relative Gap:     0.000000
============= inst 73 end=============

