============= inst 730 =============
Route:
1  5  30 12 16 29 27 1  
1  15 18 25 9  11 10 1  
1  19 22 4  1  
1  21 3  8  20 14 7  1  
1  26 17 2  23 24 1  
1  28 13 6  1  

Point Location:
138 213 81  168 113 142 218 125 8   85  54  90  173 212 74  37  199 67  124 194 108 159 213 191 23  196 55  169 23  134 
114 155 13  89  148 132 79  10  30  86  52  192 144 63  113 208 154 112 81  24  38  78  179 166 70  141 124 115 149 215 

Total Distance:   1565.584852
Execution Time:   21.91  sec
Absolute Gap:     0.000000
Relative Gap:     0.000000
============= inst 730 end=============

