============= inst 731 =============
Route:
1  2  6  21 22 1  
1  8  30 11 25 17 28 1  
1  16 7  14 23 1  
1  18 15 24 1  
1  19 27 20 12 4  13 1  
1  29 10 3  9  26 5  1  

Point Location:
94  51  53  162 99  24  31  114 81  38  140 164 117 22  71  48  178 77  140 190 64  83  8   76  162 82  196 117 30  137 
142 179 31  204 45  185 124 97  19  21  64  184 201 125 86  136 125 121 162 177 193 175 103 76  97  19  161 139 73  85  

Total Distance:   1382.220879
Execution Time:   13.33  sec
Absolute Gap:     0.000000
Relative Gap:     0.000000
============= inst 731 end=============

