============= inst 732 =============
Route:
1  10 23 21 5  12 8  1  
1  13 9  3  26 7  1  
1  16 4  14 1  
1  20 29 11 6  17 2  1  
1  27 30 22 15 19 18 1  
1  28 25 24 1  

Point Location:
106 206 191 130 35  141 161 32  164 81  89  50  148 119 41  154 196 49  38  103 25  44  74  89  118 194 59  131 104 29  
156 46  150 193 39  34  188 88  138 39  53  67  127 191 176 190 45  210 199 94  9   162 12  110 118 172 154 135 62  143 

Total Distance:   1491.914921
Execution Time:   9.47  sec
Absolute Gap:     0.000000
Relative Gap:     0.000000
============= inst 732 end=============

