============= inst 733 =============
Route:
1  6  9  22 30 10 16 1  
1  12 8  29 4  24 1  
1  14 21 2  26 13 19 1  
1  18 5  15 3  20 23 1  
1  25 28 17 1  
1  27 11 7  1  

Point Location:
94  214 177 36  165 151 45  54  160 187 55  72  170 181 168 158 142 125 115 169 215 192 163 20  125 218 72  135 57  191 
154 75  200 10  218 192 190 39  176 121 168 107 15  98  214 129 74  206 30  191 81  154 187 48  55  9   157 69  16  117 

Total Distance:   1619.711501
Execution Time:   30.55  sec
Absolute Gap:     0.000000
Relative Gap:     0.000000
============= inst 733 end=============

