============= inst 734 =============
Route:
1  7  8  26 9  3  18 1  
1  11 23 27 1  
1  13 30 2  29 6  12 1  
1  19 14 25 10 1  
1  24 17 16 20 21 15 1  
1  28 22 4  5  1  

Point Location:
115 131 199 48  99  112 159 163 200 173 91  112 150 197 39  40  47  217 166 33  29  28  73  70  184 191 77  82  123 158 
150 39  48  178 149 49  25  13  20  191 191 63  108 217 90  64  75  98  196 32  30  175 191 106 192 23  178 128 45  64  

Total Distance:   1497.303190
Execution Time:   103.50  sec
Absolute Gap:     0.000000
Relative Gap:     0.000000
============= inst 734 end=============

