============= inst 735 =============
Route:
1  13 30 16 29 19 1  
1  14 27 22 5  4  2  1  
1  15 20 28 3  1  
1  17 7  11 9  8  6  1  
1  25 10 12 1  
1  26 23 18 24 21 1  

Point Location:
123 190 116 214 204 77  24  56  26  165 10  140 192 144 89  187 59  97  158 110 90  176 103 89  154 105 167 115 178 188 
117 108 158 97  61  117 34  88  88  113 93  86  136 60  194 186 65  25  181 209 118 14  20  67  116 24  38  198 199 163 

Total Distance:   1412.277070
Execution Time:   1.63  sec
Absolute Gap:     0.000000
Relative Gap:     0.000000
============= inst 735 end=============

