============= inst 736 =============
Route:
1  3  21 28 5  18 29 1  
1  6  23 22 1  
1  9  7  16 13 15 27 1  
1  10 24 26 1  
1  14 19 12 11 30 1  
1  25 20 2  17 4  8  1  

Point Location:
98  90  68  143 10  123 198 119 144 38  183 186 200 167 198 218 109 35  171 44  25  85  114 50  66  49  178 16  52  139 
148 13  102 14  89  207 157 45  159 159 199 178 129 136 99  140 15  115 146 57  80  174 212 192 72  206 89  80  114 183 

Total Distance:   1479.440285
Execution Time:   8.92  sec
Absolute Gap:     0.000000
Relative Gap:     0.000000
============= inst 736 end=============

