============= inst 737 =============
Route:
1  9  16 21 1  
1  13 7  15 1  
1  17 4  26 3  25 27 1  
1  20 10 5  19 14 29 1  
1  24 11 6  23 28 1  
1  30 8  18 2  12 22 1  

Point Location:
84  217 124 127 48  24  121 153 21  16  38  183 84  81  109 37  126 186 59  9   61  145 18  57  176 108 166 54  97  131 
128 183 15  78  200 160 102 167 40  218 161 188 108 199 118 11  87  161 193 189 45  177 146 147 42  46  125 126 210 154 

Total Distance:   1499.226130
Execution Time:   20.73  sec
Absolute Gap:     0.000000
Relative Gap:     0.000000
============= inst 737 end=============

