============= inst 738 =============
Route:
1  2  3  26 22 10 14 1  
1  21 23 9  1  
1  25 8  20 5  24 18 1  
1  28 16 13 1  
1  29 17 12 19 7  11 1  
1  30 27 4  6  15 1  

Point Location:
95  17  8   35  213 18  149 197 70  73  141 186 106 69  38  83  167 139 164 208 83  11  59  190 165 12  109 96  113 89  
130 123 107 211 217 175 87  144 134 11  105 33  97  47  159 72  29  182 90  205 138 14  137 192 140 46  213 101 36  155 

Total Distance:   1520.297576
Execution Time:   3.88  sec
Absolute Gap:     0.000000
Relative Gap:     0.000000
============= inst 738 end=============

