============= inst 739 =============
Route:
1  2  30 25 19 11 1  
1  6  29 26 1  
1  7  22 24 13 14 18 1  
1  8  16 17 21 5  15 1  
1  9  12 20 4  3  10 1  
1  23 28 27 1  

Point Location:
91  25  207 208 203 85  19  138 168 205 68  178 33  93  192 156 179 121 55  189 197 11  144 31  40  110 164 148 121 8   
151 189 122 121 33  139 121 61  112 147 179 112 36  22  88  16  29  32  190 109 34  81  130 80  198 213 175 142 184 206 

Total Distance:   1597.523669
Execution Time:   69.09  sec
Absolute Gap:     0.000000
Relative Gap:     0.000000
============= inst 739 end=============

