============= inst 74 =============
Route:
1  4  30 2  3  5  24 1  
1  10 6  7  28 27 1  
1  11 13 14 18 26 25 1  
1  12 8  21 20 1  
1  16 19 29 17 22 1  
1  23 9  15 1  

Point Location:
146 7   23  72  54  154 155 187 125 127 119 189 101 88  133 71  28  85  54  143 171 98  138 66  108 73  182 164 37  21  
119 164 184 159 195 41  49  193 104 46  160 194 176 185 121 51  119 185 52  158 189 106 104 206 140 177 92  75  87  159 

Total Distance:   1311.298009
Execution Time:   98.09  sec
Absolute Gap:     0.000000
Relative Gap:     0.000000
============= inst 74 end=============

