============= inst 740 =============
Route:
1  11 20 5  7  30 1  
1  17 4  3  6  16 23 1  
1  19 25 8  10 15 1  
1  21 2  18 26 27 14 1  
1  22 9  12 13 1  
1  29 24 28 1  

Point Location:
129 21  203 129 195 218 179 81  48  87  208 39  8   94  114 200 150 11  75  192 63  65  180 106 73  42  69  112 87  167 
152 32  28  18  203 21  215 201 125 200 111 103 178 65  195 79  42  7   189 170 74  137 82  100 210 12  37  121 104 192 

Total Distance:   1708.361761
Execution Time:   15.72  sec
Absolute Gap:     0.000000
Relative Gap:     0.000000
============= inst 740 end=============

