============= inst 741 =============
Route:
1  4  22 16 25 1  
1  10 23 14 24 1  
1  13 12 15 20 9  1  
1  17 28 6  5  8  30 1  
1  27 7  19 21 26 3  1  
1  29 18 2  11 1  

Point Location:
79  87  142 44  207 163 184 203 114 47  95  162 116 64  176 9   114 87  188 114 202 10  9   67  37  152 138 144 59  191 
98  190 200 127 22  31  183 31  71  61  165 111 94  39  81  158 20  209 197 70  215 157 19  75  148 191 149 12  186 40  

Total Distance:   1582.189900
Execution Time:   102.53  sec
Absolute Gap:     0.000000
Relative Gap:     0.000000
============= inst 741 end=============

