============= inst 742 =============
Route:
1  13 23 20 15 4  10 1  
1  17 8  18 11 26 1  
1  19 12 5  1  
1  24 2  29 3  14 21 1  
1  25 9  22 1  
1  30 7  6  27 16 28 1  

Point Location:
119 179 212 11  150 173 161 27  112 94  63  182 95  189 13  133 66  40  204 23  195 98  58  151 139 69  155 139 186 154 
80  169 167 41  48  205 185 142 147 25  199 17  70  135 51  173 115 152 41  67  95  142 58  139 131 175 196 166 172 157 

Total Distance:   1554.293379
Execution Time:   9.27  sec
Absolute Gap:     0.000000
Relative Gap:     0.000000
============= inst 742 end=============

