============= inst 743 =============
Route:
1  11 5  6  1  
1  13 17 9  18 30 28 1  
1  14 23 3  1  
1  19 29 10 12 8  1  
1  22 21 15 26 7  16 1  
1  25 20 2  4  27 24 1  

Point Location:
83  206 92  190 86  75  54  157 168 133 82  144 149 29  8   59  163 147 115 181 19  38  30  170 164 44  172 112 117 113 
60  79  37  28  147 137 154 71  173 113 128 95  162 11  154 153 168 212 108 108 90  84  7   36  105 149 13  160 114 187 

Total Distance:   1537.960799
Execution Time:   10.66  sec
Absolute Gap:     0.000000
Relative Gap:     0.000000
============= inst 743 end=============

