============= inst 744 =============
Route:
1  6  9  21 5  20 11 1  
1  12 15 18 26 19 17 1  
1  13 16 7  1  
1  25 2  14 10 1  
1  29 3  4  28 23 27 1  
1  30 8  24 22 1  

Point Location:
145 182 23  30  43  134 149 86  171 193 86  117 129 200 98  131 150 70  142 78  141 118 75  97  175 95  81  46  50  94  
120 59  140 103 212 162 99  103 215 125 171 86  109 82  41  100 71  10  62  185 216 105 84  106 86  20  75  97  150 114 

Total Distance:   1354.956657
Execution Time:   39.91  sec
Absolute Gap:     0.000000
Relative Gap:     0.000000
============= inst 744 end=============

