============= inst 745 =============
Route:
1  9  23 13 1  
1  16 5  20 18 7  1  
1  22 2  28 4  27 3  1  
1  24 10 29 6  25 14 1  
1  26 17 8  12 19 21 1  
1  30 11 15 1  

Point Location:
65  216 142 167 122 48  70  175 48  32  11  179 69  45  34  101 128 107 120 133 119 192 66  18  48  113 151 185 34  47  
124 25  66  31  109 31  107 186 214 30  131 167 145 76  132 112 207 66  141 85  136 71  157 81  57  176 40  14  11  98  

Total Distance:   1459.077924
Execution Time:   20.11  sec
Absolute Gap:     0.000000
Relative Gap:     0.000000
============= inst 745 end=============

