============= inst 746 =============
Route:
1  2  25 23 1  
1  6  7  19 28 14 21 1  
1  9  20 5  8  16 1  
1  11 29 10 27 3  26 1  
1  12 22 24 18 1  
1  15 17 4  13 30 1  

Point Location:
125 98  49  22  188 148 166 184 199 23  49  114 13  206 69  161 40  126 176 218 182 89  67  117 76  71  18  203 38  77  
145 193 106 150 214 113 74  216 174 38  40  59  123 120 152 202 147 61  82  192 104 13  195 15  203 103 78  89  10  125 

Total Distance:   1575.433088
Execution Time:   8.03  sec
Absolute Gap:     0.000000
Relative Gap:     0.000000
============= inst 746 end=============

