============= inst 747 =============
Route:
1  8  13 29 5  27 11 1  
1  9  10 24 1  
1  12 15 2  1  
1  21 19 30 6  23 1  
1  25 18 22 28 17 4  1  
1  26 16 14 7  3  20 1  

Point Location:
63  10  35  113 218 118 22  132 68  49  171 9   160 71  10  81  158 213 144 38  97  172 100 50  178 52  200 204 217 149 
130 144 29  26  209 183 9   211 69  79  144 180 201 14  170 21  9   94  156 44  106 58  155 113 88  37  165 11  211 172 

Total Distance:   1724.726315
Execution Time:   15.26  sec
Absolute Gap:     0.000000
Relative Gap:     0.000000
============= inst 747 end=============

