============= inst 748 =============
Route:
1  4  15 11 1  
1  10 13 2  6  28 8  1  
1  12 3  5  9  21 23 1  
1  22 14 7  19 30 17 1  
1  25 27 18 1  
1  29 26 16 24 20 1  

Point Location:
69  9   129 56  193 15  204 35  125 76  62  131 22  213 59  25  117 168 160 28  104 187 110 24  76  19  136 12  29  132 
56  209 176 127 212 193 120 171 197 184 142 155 214 44  130 141 90  24  146 149 189 60  176 147 11  111 14  188 109 109 

Total Distance:   1863.217676
Execution Time:   45.11  sec
Absolute Gap:     0.000000
Relative Gap:     0.000000
============= inst 748 end=============

