============= inst 749 =============
Route:
1  7  8  3  16 6  22 1  
1  12 4  5  2  19 1  
1  13 25 29 27 17 15 1  
1  20 30 14 1  
1  24 10 11 1  
1  26 9  21 18 28 23 1  

Point Location:
147 29  204 43  37  174 139 134 74  173 197 63  98  126 44  208 24  65  86  181 52  161 97  145 63  100 18  71  44  174 
128 42  9   87  60  39  48  29  155 210 169 92  133 114 111 28  98  217 43  127 172 61  188 147 148 159 163 198 142 116 

Total Distance:   1580.880802
Execution Time:   93.99  sec
Absolute Gap:     0.000000
Relative Gap:     0.000000
============= inst 749 end=============

