============= inst 75 =============
Route:
1  6  7  11 1  
1  14 29 18 4  5  3  1  
1  15 19 12 16 25 1  
1  17 9  13 27 24 2  1  
1  20 8  21 1  
1  28 30 10 26 23 22 1  

Point Location:
70  146 61  40  65  41  8   55  149 215 61  138 213 111 70  133 122 34  124 38  61  119 179 159 113 196 208 105 67  203 
128 192 52  31  33  112 105 86  166 103 156 204 180 15  211 195 142 9   214 88  91  115 123 210 188 108 193 89  17  72  

Total Distance:   1567.177963
Execution Time:   24.28  sec
Absolute Gap:     0.000000
Relative Gap:     0.000000
============= inst 75 end=============

