============= inst 750 =============
Route:
1  5  28 12 9  4  1  
1  10 26 18 1  
1  15 3  14 23 29 6  1  
1  17 27 16 7  30 19 1  
1  21 2  25 13 22 1  
1  24 8  20 11 1  

Point Location:
97  149 7   202 173 96  183 66  216 74  94  209 148 77  47  195 184 100 154 112 139 109 99  25  150 65  207 207 79  159 
84  52  157 97  59  138 198 22  111 121 38  54  38  215 133 210 124 78  126 17  52  64  180 45  44  133 137 16  165 144 

Total Distance:   1604.197036
Execution Time:   103.34  sec
Absolute Gap:     0.000000
Relative Gap:     0.000000
============= inst 750 end=============

