============= inst 751 =============
Route:
1  3  28 20 15 5  25 1  
1  8  6  14 1  
1  11 16 19 2  7  1  
1  17 21 26 4  22 13 1  
1  18 12 24 10 29 9  1  
1  30 27 23 1  

Point Location:
118 127 59  213 134 86  126 116 97  28  149 24  168 79  108 162 196 40  135 83  196 204 100 29  193 209 121 46  67  119 
118 209 69  113 14  148 168 135 189 213 123 173 135 137 27  167 60  139 193 10  69  133 61  174 9   76  67  44  190 114 

Total Distance:   1450.038805
Execution Time:   35.31  sec
Absolute Gap:     0.000000
Relative Gap:     0.000000
============= inst 751 end=============

