============= inst 752 =============
Route:
1  10 4  7  1  
1  19 2  6  26 17 3  1  
1  21 12 20 13 16 29 1  
1  23 5  25 9  8  18 1  
1  27 14 24 15 1  
1  28 30 22 11 1  

Point Location:
89  212 191 97  93  218 132 180 154 91  51  179 200 15  55  146 205 149 213 214 132 27  76  49  152 198 12  68  139 39  
95  144 129 10  176 156 24  207 191 67  17  82  38  194 150 45  145 141 114 50  104 43  190 165 191 157 141 92  74  63  

Total Distance:   1673.683371
Execution Time:   82.38  sec
Absolute Gap:     0.000000
Relative Gap:     0.000000
============= inst 752 end=============

