============= inst 753 =============
Route:
1  5  25 21 9  7  1  
1  6  14 17 1  
1  8  10 22 16 11 20 1  
1  18 29 30 2  23 13 1  
1  19 3  4  28 12 27 1  
1  24 26 15 1  

Point Location:
83  140 185 202 34  32  43  180 12  199 206 169 124 23  58  209 11  113 151 165 9   208 130 21  14  14  133 190 109 149 
106 44  132 133 159 137 159 43  217 30  43  196 94  132 79  23  128 51  130 76  204 8   61  18  173 24  177 159 7   32  

Total Distance:   1580.079879
Execution Time:   2.00  sec
Absolute Gap:     0.000000
Relative Gap:     0.000000
============= inst 753 end=============

