============= inst 754 =============
Route:
1  4  20 2  28 15 24 1  
1  13 6  12 1  
1  19 7  22 21 27 17 1  
1  23 30 3  26 8  16 1  
1  25 9  14 5  1  
1  29 18 11 10 1  

Point Location:
129 56  58  9   170 138 191 32  187 108 87  140 149 204 100 8   109 58  152 12  148 163 98  112 152 35  108 71  87  71  
92  200 12  146 69  87  211 60  55  125 119 95  61  58  197 78  146 75  155 163 188 197 43  190 40  21  158 207 70  10  

Total Distance:   1470.265980
Execution Time:   67.01  sec
Absolute Gap:     0.000000
Relative Gap:     0.000000
============= inst 754 end=============

