============= inst 755 =============
Route:
1  3  7  15 1  
1  5  18 28 23 30 17 1  
1  10 13 4  20 19 29 1  
1  14 2  16 21 6  8  1  
1  22 26 11 25 27 1  
1  24 9  12 1  

Point Location:
124 185 210 22  70  107 185 108 154 45  191 158 17  178 119 180 100 24  50  28  157 147 67  143 210 172 179 37  95  78  
157 32  174 186 142 17  149 70  114 164 58  116 166 36  149 16  77  135 187 186 11  111 102 130 112 63  119 119 198 91  

Total Distance:   1497.776853
Execution Time:   107.58  sec
Absolute Gap:     0.000000
Relative Gap:     0.000000
============= inst 755 end=============

