============= inst 756 =============
Route:
1  2  14 23 16 11 21 1  
1  5  4  3  26 1  
1  10 6  13 1  
1  25 24 20 8  15 28 1  
1  27 30 9  22 17 18 1  
1  29 19 12 7  1  

Point Location:
155 181 212 194 148 148 137 18  62  159 204 157 144 198 42  208 109 130 161 44  214 65  215 84  103 180 103 102 169 51  
141 51  181 216 215 141 59  163 7   112 59  16  145 31  202 53  61  82  45  104 67  17  45  135 132 186 96  198 105 21  

Total Distance:   1563.392722
Execution Time:   114.33  sec
Absolute Gap:     0.000000
Relative Gap:     0.000000
============= inst 756 end=============

