============= inst 757 =============
Route:
1  3  29 8  10 27 1  
1  6  15 22 20 16 23 1  
1  14 2  21 12 9  1  
1  17 30 24 13 1  
1  25 26 7  1  
1  28 4  18 5  19 11 1  

Point Location:
102 10  64  195 195 184 65  44  86  41  146 24  123 44  210 169 118 206 199 166 25  216 159 138 93  64  48  97  54  140 
97  82  32  217 194 30  93  35  133 37  119 159 12  71  77  97  76  195 182 107 143 109 90  35  60  87  60  203 35  39  

Total Distance:   1490.748149
Execution Time:   5.94  sec
Absolute Gap:     0.000000
Relative Gap:     0.000000
============= inst 757 end=============

