============= inst 758 =============
Route:
1  7  16 27 4  2  5  1  
1  11 17 13 21 1  
1  12 24 6  23 1  
1  18 15 10 19 14 3  1  
1  26 28 9  1  
1  30 22 25 8  29 20 1  

Point Location:
115 177 156 175 148 40  167 198 113 36  70  124 76  140 36  175 66  63  89  161 78  196 65  113 207 106 209 97  183 165 
71  34  176 44  16  21  67  214 105 195 78  51  102 207 187 91  103 133 217 184 94  154 55  32  213 82  83  114 183 128 

Total Distance:   1487.667373
Execution Time:   49.47  sec
Absolute Gap:     0.000000
Relative Gap:     0.000000
============= inst 758 end=============

