============= inst 759 =============
Route:
1  8  12 16 6  4  1  
1  9  11 23 7  1  
1  14 18 13 5  2  1  
1  17 27 25 3  20 28 1  
1  22 26 29 1  
1  24 30 19 10 21 15 1  

Point Location:
113 104 208 110 99  108 166 122 176 15  188 121 73  75  28  109 156 28  37  212 22  68  197 90  211 64  201 165 75  59  
128 54  171 175 12  184 66  154 101 195 96  165 34  119 161 182 115 67  194 187 159 137 90  196 126 163 111 181 159 182 

Total Distance:   1358.250846
Execution Time:   7.22  sec
Absolute Gap:     0.000000
Relative Gap:     0.000000
============= inst 759 end=============

