============= inst 76 =============
Route:
1  3  27 18 1  
1  7  22 28 12 14 15 1  
1  8  11 6  9  20 4  1  
1  13 10 21 26 19 29 1  
1  16 30 2  5  1  
1  25 23 24 17 1  

Point Location:
104 74  110 156 84  206 63  165 199 130 199 19  125 7   39  93  56  120 73  157 131 57  20  7   47  111 137 33  35  73  
93  25  66  140 53  145 48  27  201 125 95  30  124 30  57  36  76  80  203 195 174 22  95  91  94  213 57  30  176 16  

Total Distance:   1499.582006
Execution Time:   34.53  sec
Absolute Gap:     0.000000
Relative Gap:     0.000000
============= inst 76 end=============

