============= inst 760 =============
Route:
1  5  20 6  25 4  3  1  
1  13 7  30 1  
1  18 14 10 15 19 27 1  
1  23 8  24 26 22 1  
1  28 9  17 1  
1  29 12 11 16 21 2  1  

Point Location:
78  195 193 187 176 193 33  121 131 13  139 132 20  43  27  172 116 36  42  179 190 67  130 109 191 73  52  89  115 66  
93  108 130 157 176 188 52  197 123 206 26  31  91  204 181 35  96  187 158 212 33  181 178 216 180 203 137 136 42  24  

Total Distance:   1654.293966
Execution Time:   68.34  sec
Absolute Gap:     0.000000
Relative Gap:     0.000000
============= inst 760 end=============

