============= inst 761 =============
Route:
1  4  29 25 1  
1  7  20 19 17 16 15 1  
1  10 11 13 8  2  18 1  
1  21 5  26 27 28 6  1  
1  22 30 14 1  
1  24 9  23 12 3  1  

Point Location:
85  174 51  32  83  114 115 189 16  155 177 29  189 93  127 193 201 162 189 177 64  140 14  36  14  86  92  103 25  117 
110 82  204 102 22  30  183 77  183 25  60  205 58  71  135 157 186 74  192 205 32  76  203 131 75  24  9   23  109 78  

Total Distance:   1457.341379
Execution Time:   1.05  sec
Absolute Gap:     0.000000
Relative Gap:     0.000000
============= inst 761 end=============

