============= inst 762 =============
Route:
1  2  27 18 9  20 19 1  
1  6  12 4  1  
1  8  28 22 25 1  
1  11 23 30 3  1  
1  13 7  17 29 5  15 1  
1  26 21 14 16 10 24 1  

Point Location:
117 195 13  134 195 124 206 86  114 67  47  141 207 30  163 58  190 132 110 118 14  96  42  80  137 24  139 86  195 12  
128 48  174 123 109 149 183 175 8   21  119 160 195 37  70  19  154 12  48  21  37  207 120 29  208 51  26  189 139 91  

Total Distance:   1599.364285
Execution Time:   50.70  sec
Absolute Gap:     0.000000
Relative Gap:     0.000000
============= inst 762 end=============

