============= inst 763 =============
Route:
1  4  3  12 1  
1  5  27 17 14 1  
1  8  9  13 10 24 2  1  
1  18 25 21 26 1  
1  28 19 7  30 16 11 1  
1  29 6  15 22 23 20 1  

Point Location:
90  217 114 104 70  40  160 108 158 215 93  119 193 58  44  86  18  176 159 81  169 53  70  218 172 138 32  131 28  112 
143 79  211 212 135 46  23  106 79  9   87  203 32  197 23  45  207 153 28  82  177 32  71  25  158 156 127 60  99  17  

Total Distance:   1614.050924
Execution Time:   42.27  sec
Absolute Gap:     0.000000
Relative Gap:     0.000000
============= inst 763 end=============

