============= inst 764 =============
Route:
1  2  22 8  15 20 14 1  
1  4  10 5  17 1  
1  18 16 21 1  
1  19 28 9  25 24 23 1  
1  26 27 3  11 29 13 1  
1  30 12 7  6  1  

Point Location:
71  167 213 114 124 26  81  205 79  118 215 83  193 139 207 58  124 75  89  155 38  193 49  32  29  121 181 106 192 112 
122 73  86  128 120 218 176 39  26  132 124 165 143 43  17  113 117 112 67  10  133 55  81  83  57  81  104 52  129 162 

Total Distance:   1489.037526
Execution Time:   106.59  sec
Absolute Gap:     0.000000
Relative Gap:     0.000000
============= inst 764 end=============

