============= inst 765 =============
Route:
1  5  2  3  11 24 6  1  
1  14 9  4  23 1  
1  17 10 25 1  
1  28 26 21 8  1  
1  29 18 16 20 22 12 1  
1  30 13 7  27 19 15 1  

Point Location:
122 104 103 209 111 74  7   151 193 149 66  46  39  177 57  36  152 45  14  19  201 31  161 57  108 196 12  163 50  43  
102 195 198 184 198 138 146 70  140 114 189 97  118 134 194 36  113 38  210 80  44  89  180 147 138 7   175 15  73  110 

Total Distance:   1550.255484
Execution Time:   24.03  sec
Absolute Gap:     0.000000
Relative Gap:     0.000000
============= inst 765 end=============

