============= inst 766 =============
Route:
1  3  30 27 28 1  
1  10 9  19 4  8  6  1  
1  13 26 18 14 24 7  1  
1  22 25 17 1  
1  23 12 11 21 1  
1  29 2  15 5  16 20 1  

Point Location:
130 172 185 37  207 86  90  14  52  66  134 120 80  111 191 215 101 49  52  153 131 129 120 110 121 44  202 167 175 211 
78  180 54  53  193 54  162 7   108 89  168 139 135 217 195 214 64  215 72  206 147 47  94  207 30  193 64  68  143 13  

Total Distance:   1630.481263
Execution Time:   87.09  sec
Absolute Gap:     0.000000
Relative Gap:     0.000000
============= inst 766 end=============

