============= inst 767 =============
Route:
1  12 21 2  11 28 4  1  
1  13 5  15 7  27 1  
1  17 20 22 1  
1  18 23 26 1  
1  19 14 30 16 9  29 1  
1  25 10 6  24 3  8  1  

Point Location:
160 213 13  174 99  46  91  74  135 18  187 197 117 45  94  131 190 149 73  209 201 202 131 44  78  139 108 182 162 54  
130 7   119 74  167 50  134 105 202 7   8   94  161 191 158 196 162 60  187 178 69  127 69  85  52  89  148 41  185 214 

Total Distance:   1598.481118
Execution Time:   9.72  sec
Absolute Gap:     0.000000
Relative Gap:     0.000000
============= inst 767 end=============

