============= inst 768 =============
Route:
1  4  30 10 2  1  
1  7  24 18 26 1  
1  11 27 9  16 19 5  1  
1  13 6  14 12 20 1  
1  17 23 21 15 22 29 1  
1  25 28 8  3  1  

Point Location:
108 106 142 182 193 22  73  131 207 113 142 57  41  33  62  202 20  48  208 86  10  59  16  35  116 49  189 114 70  139 
112 35  166 60  201 47  129 218 138 28  127 18  79  45  201 153 150 110 179 91  171 175 160 117 169 102 143 197 179 54  

Total Distance:   1508.538536
Execution Time:   9.95  sec
Absolute Gap:     0.000000
Relative Gap:     0.000000
============= inst 768 end=============

