============= inst 769 =============
Route:
1  2  22 9  27 1  
1  3  20 29 10 21 5  1  
1  4  25 15 11 1  
1  13 28 26 18 12 19 1  
1  16 24 8  1  
1  17 23 14 30 7  6  1  

Point Location:
121 190 156 52  180 195 214 78  209 218 37  61  28  111 42  88  132 29  81  208 212 202 108 71  27  8   202 23  214 165 
143 104 170 217 150 80  15  168 116 154 131 59  81  47  163 179 96  51  54  213 140 99  76  194 209 39  115 68  167 39  

Total Distance:   1640.920867
Execution Time:   3.17  sec
Absolute Gap:     0.000000
Relative Gap:     0.000000
============= inst 769 end=============

