============= inst 77 =============
Route:
1  18 7  12 22 13 6  1  
1  20 3  5  25 4  1  
1  21 9  17 10 16 19 1  
1  24 2  27 11 1  
1  29 23 15 28 14 1  
1  30 26 8  1  

Point Location:
135 176 210 169 210 216 126 112 60  48  111 157 216 77  53  80  26  140 87  195 97  195 54  175 188 97  131 26  60  132 
141 200 147 112 117 25  15  166 75  21  202 18  21  128 100 12  17  57  33  140 107 30  99  198 126 161 214 131 113 119 

Total Distance:   1512.297178
Execution Time:   20.94  sec
Absolute Gap:     0.000000
Relative Gap:     0.000000
============= inst 77 end=============

