============= inst 770 =============
Route:
1  2  12 22 29 30 28 1  
1  9  3  20 23 1  
1  13 4  10 16 18 14 1  
1  19 6  5  1  
1  24 8  7  27 21 15 1  
1  25 11 17 26 1  

Point Location:
85  14  9   182 55  42  197 203 42  188 191 9   131 115 128 181 187 143 43  31  136 40  33  218 187 170 157 68  64  73  
134 51  190 163 75  100 45  63  208 180 112 46  141 197 50  218 136 196 129 183 54  43  186 81  89  123 54  35  20  21  

Total Distance:   1611.743103
Execution Time:   7.80  sec
Absolute Gap:     0.000000
Relative Gap:     0.000000
============= inst 770 end=============

