============= inst 771 =============
Route:
1  8  30 15 9  23 5  1  
1  12 14 7  1  
1  18 25 2  1  
1  20 3  28 4  6  11 1  
1  22 21 13 26 27 16 1  
1  24 17 29 10 19 1  

Point Location:
120 147 175 156 89  139 164 96  28  201 111 179 9   174 34  109 214 146 170 152 46  63  13  188 162 49  83  176 207 75  
159 190 74  48  121 63  164 174 154 215 72  188 67  165 152 40  144 194 200 87  83  100 149 123 210 27  56  56  193 160 

Total Distance:   1487.204845
Execution Time:   10.34  sec
Absolute Gap:     0.000000
Relative Gap:     0.000000
============= inst 771 end=============

