============= inst 772 =============
Route:
1  7  14 28 1  
1  20 2  5  19 23 9  1  
1  24 16 4  21 3  1  
1  25 12 15 1  
1  27 26 6  30 8  10 1  
1  29 17 22 13 11 18 1  

Point Location:
143 36  161 177 11  144 200 211 37  148 30  79  16  201 122 160 97  62  20  46  183 59  27  154 102 130 87  163 102 165 
124 64  156 169 33  11  110 7   109 84  133 103 182 89  125 199 199 122 57  84  167 214 105 185 100 26  57  86  170 24  

Total Distance:   1564.927236
Execution Time:   55.33  sec
Absolute Gap:     0.000000
Relative Gap:     0.000000
============= inst 772 end=============

