============= inst 773 =============
Route:
1  2  17 5  23 8  7  1  
1  6  16 29 1  
1  9  10 19 11 20 30 1  
1  13 3  27 15 28 1  
1  14 4  12 24 21 25 1  
1  18 22 26 1  

Point Location:
125 166 7   47  217 70  215 210 139 156 118 26  41  62  56  69  214 177 154 105 107 183 213 80  117 163 16  97  74  111 
84  169 81  182 197 98  109 136 175 184 203 209 80  121 28  99  198 107 185 205 129 30  167 176 112 61  70  59  98  171 

Total Distance:   1572.712533
Execution Time:   18.55  sec
Absolute Gap:     0.000000
Relative Gap:     0.000000
============= inst 773 end=============

