============= inst 774 =============
Route:
1  3  10 12 28 13 15 1  
1  8  5  7  30 16 1  
1  18 17 19 6  26 9  1  
1  21 22 24 1  
1  25 20 14 1  
1  27 2  23 4  11 29 1  

Point Location:
78  115 133 61  38  208 45  52  148 170 61  185 218 92  203 12  206 160 218 98  105 112 80  127 77  181 118 199 82  24  
110 192 37  197 46  114 21  57  97  47  159 35  62  100 78  111 139 211 114 68  87  89  207 92  84  124 161 20  150 46  

Total Distance:   1498.951484
Execution Time:   98.56  sec
Absolute Gap:     0.000000
Relative Gap:     0.000000
============= inst 774 end=============

