============= inst 775 =============
Route:
1  2  17 29 9  1  
1  10 13 8  22 23 1  
1  14 26 25 1  
1  15 3  7  30 18 12 1  
1  20 5  16 28 11 24 1  
1  27 4  21 6  19 1  

Point Location:
142 167 20  188 94  196 40  59  162 72  201 65  69  127 72  108 202 33  199 94  199 44  40  182 107 119 165 117 186 14  
83  114 85  42  174 32  109 27  132 31  199 137 9   126 77  169 132 138 7   153 39  35  49  158 103 115 75  193 139 139 

Total Distance:   1463.516546
Execution Time:   27.78  sec
Absolute Gap:     0.000000
Relative Gap:     0.000000
============= inst 775 end=============

