============= inst 776 =============
Route:
1  2  8  11 24 20 23 1  
1  4  16 27 21 25 7  1  
1  5  18 13 14 15 30 1  
1  9  6  17 29 1  
1  12 28 10 26 1  
1  19 3  22 1  

Point Location:
159 86  202 45  205 211 68  55  174 162 38  88  181 160 149 33  216 218 209 43  8   167 64  17  46  171 16  124 211 163 
103 218 114 77  196 28  110 198 71  38  182 29  203 202 166 56  68  211 127 156 126 105 163 172 116 48  68  23  88  145 

Total Distance:   1617.504686
Execution Time:   32.67  sec
Absolute Gap:     0.000000
Relative Gap:     0.000000
============= inst 776 end=============

