============= inst 777 =============
Route:
1  5  7  21 1  
1  10 15 23 14 17 19 1  
1  11 8  9  30 12 1  
1  18 20 4  16 2  3  1  
1  25 27 26 13 28 6  1  
1  29 24 22 1  

Point Location:
77  45  50  18  42  161 24  116 120 171 107 105 202 192 217 18  199 54  175 13  44  151 215 113 135 182 149 165 85  116 
95  185 151 140 60  170 19  204 177 98  217 149 202 146 59  165 156 112 168 118 24  50  127 9   160 218 200 183 19  169 

Total Distance:   1724.877090
Execution Time:   69.03  sec
Absolute Gap:     0.000000
Relative Gap:     0.000000
============= inst 777 end=============

