============= inst 778 =============
Route:
1  3  25 10 1  
1  7  28 21 1  
1  13 30 2  29 23 8  1  
1  16 4  22 6  24 5  1  
1  17 11 27 14 19 26 1  
1  18 20 15 9  12 1  

Point Location:
56  158 30  195 156 184 47  61  15  47  122 13  180 129 53  113 87  45  121 49  8   215 90  173 18  109 124 52  128 154 
123 19  150 122 205 212 68  12  204 105 194 196 69  193 217 123 152 182 169 212 48  210 27  208 93  153 197 56  43  43  

Total Distance:   1631.250700
Execution Time:   83.95  sec
Absolute Gap:     0.000000
Relative Gap:     0.000000
============= inst 778 end=============

