============= inst 779 =============
Route:
1  13 10 25 24 5  20 1  
1  15 2  21 14 1  
1  19 9  3  1  
1  23 11 17 18 1  
1  27 6  7  12 22 30 1  
1  28 8  16 29 4  26 1  

Point Location:
139 198 125 22  54  179 206 35  122 29  130 205 98  191 170 12  118 104 120 77  218 163 126 27  29  67  168 37  8   154 
112 190 186 11  80  107 66  78  164 211 29  60  161 141 194 64  57  82  159 95  193 83  89  132 151 16  103 80  58  93  

Total Distance:   1519.188464
Execution Time:   60.70  sec
Absolute Gap:     0.000000
Relative Gap:     0.000000
============= inst 779 end=============

