============= inst 78 =============
Route:
1  5  28 10 1  
1  15 25 7  9  22 4  1  
1  19 16 12 13 11 8  1  
1  20 26 2  6  27 1  
1  21 24 29 1  
1  23 14 18 3  17 30 1  

Point Location:
156 48  145 77  117 12  11  176 29  153 171 174 157 207 70  218 124 146 207 54  215 43  206 209 44  18  63  122 171 134 
98  74  185 139 64  116 195 43  180 45  27  13  9   212 195 17  149 214 53  24  83  162 134 102 200 7   115 37  113 127 

Total Distance:   1709.061502
Execution Time:   5.97  sec
Absolute Gap:     0.000000
Relative Gap:     0.000000
============= inst 78 end=============

