============= inst 780 =============
Route:
1  2  4  9  30 20 1  
1  5  8  15 1  
1  10 29 6  13 3  22 1  
1  16 7  14 23 1  
1  17 28 26 12 24 27 1  
1  21 25 19 11 18 1  

Point Location:
108 116 58  121 77  8   189 73  131 86  23  193 41  176 93  152 142 54  29  120 82  62  153 197 46  181 202 176 33  154 
102 130 162 185 82  157 8   65  196 208 91  202 160 91  87  44  149 106 13  130 16  130 76  202 31  197 175 180 218 187 

Total Distance:   1584.020499
Execution Time:   65.86  sec
Absolute Gap:     0.000000
Relative Gap:     0.000000
============= inst 780 end=============

