============= inst 781 =============
Route:
1  3  15 8  11 1  
1  6  2  16 26 9  4  1  
1  12 7  24 10 23 30 1  
1  13 19 18 1  
1  17 14 28 5  29 27 1  
1  25 22 21 20 1  

Point Location:
155 7   201 88  151 68  53  205 90  20  173 61  97  136 215 67  131 109 105 125 122 77  19  44  94  82  169 123 183 26  
125 172 106 201 8   130 33  69  216 55  90  69  131 66  57  204 80  158 141 115 113 86  86  50  116 202 62  19  42  109 

Total Distance:   1555.382088
Execution Time:   94.51  sec
Absolute Gap:     0.000000
Relative Gap:     0.000000
============= inst 781 end=============

