============= inst 782 =============
Route:
1  2  14 21 24 6  27 1  
1  5  19 26 4  25 1  
1  12 28 7  9  11 1  
1  16 3  20 18 8  10 1  
1  17 15 30 1  
1  23 29 13 22 1  

Point Location:
123 156 142 7   109 212 41  129 46  126 75  41  141 174 133 148 122 136 81  137 205 116 179 200 69  85  179 20  177 129 
124 38  18  36  82  84  204 55  200 65  187 182 207 13  125 43  111 32  27  25  44  178 151 56  73  14  98  206 182 162 

Total Distance:   1481.777556
Execution Time:   112.06  sec
Absolute Gap:     0.000000
Relative Gap:     0.000000
============= inst 782 end=============

