============= inst 783 =============
Route:
1  6  2  11 1  
1  13 24 10 8  28 17 1  
1  18 20 5  21 15 1  
1  26 14 7  1  
1  27 25 12 3  23 16 1  
1  30 4  22 9  29 19 1  

Point Location:
109 82  132 212 55  82  141 38  191 79  96  176 95  178 12  117 8   80  150 69  15  207 131 91  182 173 204 14  190 184 
90  107 20  98  181 69  98  46  194 23  107 21  29  99  156 61  72  185 145 176 217 135 41  26  25  79  22  17  208 110 

Total Distance:   1575.892338
Execution Time:   8.25  sec
Absolute Gap:     0.000000
Relative Gap:     0.000000
============= inst 783 end=============

