============= inst 784 =============
Route:
1  7  16 29 21 14 25 1  
1  8  30 12 28 23 13 1  
1  9  27 6  4  18 22 1  
1  11 19 3  1  
1  15 5  10 1  
1  17 24 26 20 2  1  

Point Location:
88  41  51  192 27  191 142 110 141 42  80  161 87  216 7   170 120 192 55  11  216 161 110 84  195 56  181 118 205 145 
82  121 28  145 75  164 92  49  151 60  30  22  11  64  99  75  134 143 26  153 86  134 18  170 28  151 174 22  74  28  

Total Distance:   1487.139685
Execution Time:   19.39  sec
Absolute Gap:     0.000000
Relative Gap:     0.000000
============= inst 784 end=============

