============= inst 785 =============
Route:
1  9  10 30 7  1  
1  14 5  11 4  28 13 1  
1  16 15 6  19 1  
1  23 29 25 8  12 27 1  
1  24 22 20 1  
1  26 3  17 2  18 21 1  

Point Location:
64  199 109 53  64  153 26  187 77  78  61  192 38  65  149 114 142 137 139 8   108 18  125 55  174 107 143 40  156 18  
72  178 213 180 180 42  29  34  37  32  212 84  154 177 38  40  186 158 57  107 140 117 69  91  54  201 130 164 62  25  

Total Distance:   1583.287359
Execution Time:   62.98  sec
Absolute Gap:     0.000000
Relative Gap:     0.000000
============= inst 785 end=============

