============= inst 786 =============
Route:
1  5  2  21 1  
1  7  4  19 18 22 1  
1  10 3  26 30 12 1  
1  14 15 16 27 1  
1  28 20 13 23 24 25 1  
1  29 11 6  8  17 9  1  

Point Location:
130 152 200 173 118 41  165 17  48  153 55  218 53  96  89  84  18  202 205 57  150 166 37  75  85  202 99  77  101 208 
135 181 30  184 166 60  169 50  134 112 54  95  158 134 119 85  75  188 218 151 164 167 166 201 176 10  79  146 65  19  

Total Distance:   1429.275659
Execution Time:   41.56  sec
Absolute Gap:     0.000000
Relative Gap:     0.000000
============= inst 786 end=============

