============= inst 787 =============
Route:
1  3  18 15 1  
1  7  28 22 1  
1  13 11 14 26 5  27 1  
1  19 17 4  20 9  12 1  
1  24 23 10 29 30 1  
1  25 16 21 6  8  2  1  

Point Location:
129 25  97  162 192 32  93  20  174 180 214 180 202 212 116 81  149 86  146 175 87  46  166 156 77  200 191 41  179 186 
149 83  171 209 183 17  185 69  205 19  179 196 149 187 156 77  213 173 214 207 39  185 37  46  78  196 180 207 57  129 

Total Distance:   1410.218442
Execution Time:   4.28  sec
Absolute Gap:     0.000000
Relative Gap:     0.000000
============= inst 787 end=============

