============= inst 788 =============
Route:
1  2  10 13 11 24 1  
1  3  4  21 1  
1  12 27 26 9  16 1  
1  18 29 14 5  20 25 1  
1  19 23 6  8  15 7  1  
1  30 22 28 17 1  

Point Location:
81  47  135 143 137 193 166 177 60  53  32  88  37  131 172 51  145 108 200 132 102 168 217 30  134 63  90  144 128 137 
133 178 143 162 38  56  45  38  54  199 180 70  215 30  24  71  99  64  131 65  178 141 85  159 82  44  16  115 46  140 

Total Distance:   1484.226981
Execution Time:   29.28  sec
Absolute Gap:     0.000000
Relative Gap:     0.000000
============= inst 788 end=============

