============= inst 789 =============
Route:
1  4  20 5  25 23 1  
1  8  15 29 10 13 24 1  
1  16 30 26 17 14 9  1  
1  18 6  11 1  
1  19 12 28 1  
1  21 22 27 2  3  7  1  

Point Location:
142 22  14  174 169 189 36  124 102 68  209 190 69  61  94  92  55  177 186 185 47  37  130 85  130 20  10  206 82  26  
88  162 155 125 217 34  108 127 39  137 35  66  132 17  156 89  48  35  57  177 174 215 115 129 186 77  188 83  164 85  

Total Distance:   1569.347765
Execution Time:   12.19  sec
Absolute Gap:     0.000000
Relative Gap:     0.000000
============= inst 789 end=============

