============= inst 79 =============
Route:
1  3  14 12 24 17 28 1  
1  5  6  10 25 13 7  1  
1  8  18 26 16 29 22 1  
1  9  23 11 1  
1  27 15 21 1  
1  30 4  19 2  20 1  

Point Location:
143 50  79  76  137 132 152 42  145 169 90  91  153 57  208 35  115 15  73  75  208 50  110 101 181 10  174 121 16  115 
101 111 146 114 164 207 176 99  26  204 87  167 177 177 133 75  165 108 116 108 96  44  66  193 192 110 135 159 36  130 

Total Distance:   1513.422871
Execution Time:   119.84  sec
Absolute Gap:     0.000000
Relative Gap:     0.000000
============= inst 79 end=============

