============= inst 790 =============
Route:
1  3  26 16 1  
1  5  11 4  30 20 1  
1  7  12 28 17 2  13 1  
1  9  6  10 1  
1  22 27 19 15 24 18 1  
1  23 21 29 25 14 8  1  

Point Location:
90  90  55  32  52  90  174 65  90  100 35  129 96  41  198 123 85  148 204 48  17  159 13  166 29  64  217 107 16  14  
76  175 42  85  86  113 100 145 91  115 83  193 158 193 28  81  215 55  18  76  159 8   122 43  206 27  12  202 191 71  

Total Distance:   1430.169590
Execution Time:   54.52  sec
Absolute Gap:     0.000000
Relative Gap:     0.000000
============= inst 790 end=============

