============= inst 791 =============
Route:
1  8  25 27 1  
1  11 28 17 7  15 10 1  
1  16 18 14 2  22 29 1  
1  19 6  5  4  1  
1  21 13 26 3  30 24 1  
1  23 12 20 9  1  

Point Location:
68  210 124 144 172 207 21  63  54  40  54  74  86  218 26  148 42  209 176 79  68  172 67  150 83  97  76  55  128 142 
76  161 193 41  64  88  198 122 39  143 161 40  193 141 185 110 211 138 106 36  171 150 47  187 130 209 113 193 155 209 

Total Distance:   1568.110513
Execution Time:   79.86  sec
Absolute Gap:     0.000000
Relative Gap:     0.000000
============= inst 791 end=============

