============= inst 792 =============
Route:
1  8  11 22 2  28 4  1  
1  15 26 5  1  
1  19 18 25 9  27 23 1  
1  20 10 21 3  7  12 1  
1  24 16 29 1  
1  30 14 13 6  17 1  

Point Location:
112 205 172 140 104 42  105 164 7   170 180 135 29  37  108 97  57  13  66  164 164 195 49  105 22  98  45  159 87  76  
102 38  210 56  121 91  210 84  129 158 94  172 88  21  122 98  95  216 202 125 187 75  126 110 173 138 125 46  84  31  

Total Distance:   1379.587213
Execution Time:   7.86  sec
Absolute Gap:     0.000000
Relative Gap:     0.000000
============= inst 792 end=============

