============= inst 793 =============
Route:
1  11 29 13 3  24 27 1  
1  12 2  25 17 28 9  1  
1  15 7  5  1  
1  19 18 8  10 21 30 1  
1  20 26 14 16 1  
1  23 22 6  4  1  

Point Location:
83  209 50  31  136 54  126 217 168 206 26  195 36  94  124 83  179 210 160 74  105 56  80  51  197 77  75  179 21  93  
79  125 160 46  92  23  104 204 78  209 106 44  122 139 114 109 103 195 120 111 217 44  53  158 115 134 143 98  108 218 

Total Distance:   1465.131580
Execution Time:   109.64  sec
Absolute Gap:     0.000000
Relative Gap:     0.000000
============= inst 793 end=============

