============= inst 794 =============
Route:
1  5  8  12 28 29 23 1  
1  7  26 16 1  
1  10 6  2  3  14 1  
1  11 13 21 1  
1  22 27 19 15 30 4  1  
1  24 20 17 25 18 9  1  

Point Location:
121 14  25  135 192 33  41  207 112 93  116 193 98  52  206 58  69  95  161 64  112 117 139 34  75  54  127 208 173 206 
115 121 98  88  119 128 64  130 176 133 105 140 111 95  7   59  216 175 24  188 131 32  152 181 208 57  33  194 165 60  

Total Distance:   1427.418152
Execution Time:   27.59  sec
Absolute Gap:     0.000000
Relative Gap:     0.000000
============= inst 794 end=============

