============= inst 795 =============
Route:
1  9  29 18 2  25 3  1  
1  13 22 16 1  
1  21 7  11 15 5  1  
1  23 27 12 30 10 6  1  
1  24 17 26 19 4  20 1  
1  28 14 8  1  

Point Location:
122 212 148 67  112 84  81  134 164 84  42  132 131 154 79  119 48  206 46  85  82  128 198 64  218 11  143 133 175 119 
118 138 112 27  165 75  156 137 174 69  147 22  81  165 196 98  83  145 15  36  155 83  42  104 132 39  46  170 190 54  

Total Distance:   1368.223294
Execution Time:   11.50  sec
Absolute Gap:     0.000000
Relative Gap:     0.000000
============= inst 795 end=============

