============= inst 796 =============
Route:
1  5  20 21 12 1  
1  6  8  11 1  
1  7  26 23 18 1  
1  10 19 15 25 13 30 1  
1  14 22 29 16 28 27 1  
1  17 4  2  9  3  24 1  

Point Location:
103 193 209 165 165 133 40  136 197 122 104 174 116 55  129 28  135 59  125 191 189 44  59  166 133 14  100 68  29  105 
88  110 65  99  182 43  96  39  93  144 89  141 212 171 180 209 92  60  175 167 156 179 58  18  201 30  168 211 200 156 

Total Distance:   1505.475535
Execution Time:   50.06  sec
Absolute Gap:     0.000000
Relative Gap:     0.000000
============= inst 796 end=============

