============= inst 797 =============
Route:
1  3  8  2  20 21 30 1  
1  4  28 24 27 29 26 1  
1  7  16 25 1  
1  11 14 12 13 10 6  1  
1  15 5  9  19 18 1  
1  17 23 22 1  

Point Location:
102 38  40  198 203 105 47  39  204 158 87  152 146 108 97  10  56  106 187 11  16  67  48  212 25  171 208 202 199 36  
102 15  34  120 17  110 165 33  69  154 209 216 205 218 15  186 64  97  58  45  65  49  56  172 156 213 202 155 213 77  

Total Distance:   1709.658308
Execution Time:   57.28  sec
Absolute Gap:     0.000000
Relative Gap:     0.000000
============= inst 797 end=============

