============= inst 798 =============
Route:
1  3  14 20 7  9  1  
1  4  24 18 23 21 15 1  
1  10 16 17 13 29 2  1  
1  12 6  27 8  26 25 1  
1  28 5  19 1  
1  30 11 22 1  

Point Location:
69  138 36  191 77  194 90  208 82  121 137 177 154 47  123 144 139 181 60  32  136 85  185 211 166 214 212 93  148 121 
80  174 103 113 26  72  194 43  165 98  51  70  122 114 192 109 121 182 23  217 213 52  214 178 9   9   50  37  150 62  

Total Distance:   1740.215365
Execution Time:   103.41  sec
Absolute Gap:     0.000000
Relative Gap:     0.000000
============= inst 798 end=============

