============= inst 799 =============
Route:
1  6  2  27 7  1  
1  14 19 21 1  
1  20 11 18 10 28 15 1  
1  23 16 3  22 9  13 1  
1  24 26 8  30 1  
1  25 29 5  4  17 12 1  

Point Location:
127 203 33  84  84  177 204 162 72  218 217 120 103 94  175 34  110 217 98  177 116 49  72  127 49  136 214 185 63  162 
140 189 136 21  34  165 208 104 125 86  148 52  138 184 70  213 15  128 183 151 166 139 157 138 50  117 212 32  25  110 

Total Distance:   1429.219453
Execution Time:   86.78  sec
Absolute Gap:     0.000000
Relative Gap:     0.000000
============= inst 799 end=============

