============= inst 8 =============
Route:
1  5  2  23 1  
1  8  25 19 20 1  
1  12 27 11 29 1  
1  17 10 6  18 15 3  1  
1  21 7  9  28 16 22 1  
1  24 26 4  14 13 30 1  

Point Location:
122 91  94  45  61  11  202 145 204 41  202 175 129 100 61  166 55  20  169 149 158 143 95  89  180 74  179 174 187 114 
141 208 101 19  190 140 82  218 54  145 135 89  37  12  96  46  160 85  185 162 128 44  209 63  203 54  86  25  142 45  

Total Distance:   1581.872551
Execution Time:   49.86  sec
Absolute Gap:     0.000000
Relative Gap:     0.000000
============= inst 8 end=============

