============= inst 80 =============
Route:
1  10 27 5  3  26 21 1  
1  13 28 12 29 14 1  
1  16 4  22 11 6  25 1  
1  17 7  2  9  30 23 1  
1  18 24 15 1  
1  20 19 8  1  

Point Location:
117 53  166 207 168 193 57  206 12  126 195 42  97  76  127 182 90  138 211 182 179 209 45  149 162 180 151 76  14  32  
102 184 198 67  216 14  189 119 213 192 41  81  19  101 100 76  200 111 157 147 183 61  170 94  18  191 213 31  114 167 

Total Distance:   1553.160620
Execution Time:   3.16  sec
Absolute Gap:     0.000000
Relative Gap:     0.000000
============= inst 80 end=============

