============= inst 800 =============
Route:
1  3  24 26 11 14 23 1  
1  9  4  18 12 15 1  
1  20 21 5  1  
1  22 8  28 19 27 10 1  
1  25 7  2  6  16 29 1  
1  30 17 13 1  

Point Location:
75  180 23  199 40  179 150 192 139 160 64  160 90  73  140 159 119 170 208 107 54  172 65  14  136 52  175 217 125 114 
98  192 119 47  49  169 209 96  52  81  197 13  113 191 15  181 143 10  65  63  10  112 146 184 214 213 78  81  162 130 

Total Distance:   1623.895179
Execution Time:   35.01  sec
Absolute Gap:     0.000000
Relative Gap:     0.000000
============= inst 800 end=============

