============= inst 801 =============
Route:
1  19 9  4  1  
1  24 14 6  22 21 7  1  
1  25 11 12 1  
1  26 18 8  17 20 1  
1  29 13 2  5  15 27 1  
1  30 10 16 3  23 28 1  

Point Location:
137 90  94  208 54  35  106 169 207 61  130 136 121 28  55  44  137 213 184 130 46  40  95  43  141 187 27  105 134 88  
98  210 105 113 214 22  77  41  98  169 93  105 197 78  207 131 47  20  93  46  42  32  103 96  89  69  179 91  180 126 

Total Distance:   1370.579380
Execution Time:   85.86  sec
Absolute Gap:     0.000000
Relative Gap:     0.000000
============= inst 801 end=============

