============= inst 802 =============
Route:
1  11 15 21 1  
1  13 6  22 2  8  29 1  
1  16 7  9  5  12 3  1  
1  24 18 25 1  
1  26 20 4  19 23 10 1  
1  27 14 28 17 30 1  

Point Location:
56  190 103 193 80  193 38  133 62  73  47  107 138 82  16  7   104 22  179 205 25  217 122 53  29  142 65  87  138 120 
120 216 159 10  191 196 184 184 180 36  80  217 143 77  46  209 75  97  14  58  76  197 39  123 93  76  101 78  171 70  

Total Distance:   1595.062748
Execution Time:   53.03  sec
Absolute Gap:     0.000000
Relative Gap:     0.000000
============= inst 802 end=============

