============= inst 803 =============
Route:
1  2  23 5  28 8  20 1  
1  4  15 24 7  17 1  
1  6  29 14 9  26 11 1  
1  16 12 3  1  
1  18 10 22 25 1  
1  30 27 21 13 19 1  

Point Location:
112 75  62  71  27  113 46  9   185 208 158 13  122 169 38  79  75  193 109 14  174 217 32  12  166 175 191 28  141 151 
123 22  191 49  19  91  110 19  48  117 86  199 210 12  54  130 107 95  168 34  205 142 11  76  139 52  190 26  57  181 

Total Distance:   1667.202282
Execution Time:   27.13  sec
Absolute Gap:     0.000000
Relative Gap:     0.000000
============= inst 803 end=============

