============= inst 804 =============
Route:
1  3  21 4  23 11 1  
1  10 5  28 18 1  
1  14 12 19 25 2  8  1  
1  26 30 17 13 20 16 1  
1  27 6  7  9  15 1  
1  29 24 22 1  

Point Location:
103 185 157 178 64  61  74  189 75  88  134 216 19  190 86  20  31  15  197 9   203 68  170 71  193 59  70  57  101 53  
110 119 30  48  37  173 182 106 178 74  110 217 209 193 169 105 212 22  169 151 19  99  70  132 146 156 158 15  138 169 

Total Distance:   1549.722299
Execution Time:   4.25  sec
Absolute Gap:     0.000000
Relative Gap:     0.000000
============= inst 804 end=============

