============= inst 805 =============
Route:
1  5  10 17 18 28 21 1  
1  6  19 29 16 23 22 1  
1  12 9  26 15 14 1  
1  24 20 30 13 1  
1  25 11 7  1  
1  27 4  3  2  8  1  

Point Location:
129 136 130 85  23  175 105 131 110 9   104 129 146 146 144 212 28  48  189 215 80  157 169 178 105 106 74  73  202 183 
125 184 195 193 133 81  110 176 25  11  127 89  149 43  36  21  17  35  74  167 63  88  54  143 130 10  156 61  56  169 

Total Distance:   1420.860659
Execution Time:   15.19  sec
Absolute Gap:     0.000000
Relative Gap:     0.000000
============= inst 805 end=============

