============= inst 806 =============
Route:
1  4  12 17 21 1  
1  5  18 6  29 7  1  
1  9  23 11 1  
1  20 8  27 2  16 26 1  
1  22 13 28 14 15 3  1  
1  25 19 10 30 24 1  

Point Location:
117 142 87  156 71  30  87  180 156 41  169 203 51  50  74  134 198 59  19  140 186 111 188 63  47  114 147 45  62  47  
91  188 174 65  76  47  10  208 115 162 117 73  217 195 181 170 88  76  187 161 106 197 132 138 169 136 194 214 13  144 

Total Distance:   1515.539750
Execution Time:   46.67  sec
Absolute Gap:     0.000000
Relative Gap:     0.000000
============= inst 806 end=============

