============= inst 807 =============
Route:
1  6  5  14 24 26 4  1  
1  9  30 18 1  
1  10 8  17 20 7  19 1  
1  12 27 3  25 16 15 1  
1  21 28 2  13 23 1  
1  29 11 22 1  

Point Location:
150 191 182 43  9   52  137 98  141 124 69  198 218 14  166 170 100 120 129 134 155 95  195 10  182 14  198 150 129 122 
102 26  208 82  185 130 189 176 123 161 84  174 95  166 170 182 191 124 164 201 73  104 90  148 188 81  197 23  82  125 

Total Distance:   1432.079519
Execution Time:   9.39  sec
Absolute Gap:     0.000000
Relative Gap:     0.000000
============= inst 807 end=============

