============= inst 808 =============
Route:
1  5  7  14 4  2  17 1  
1  10 22 6  1  
1  12 19 24 16 13 1  
1  26 29 11 23 8  30 1  
1  27 15 21 1  
1  28 3  20 9  25 18 1  

Point Location:
128 15  28  21  104 123 77  124 11  121 105 184 118 17  96  202 65  63  217 33  99  120 118 210 15  169 90  75  127 121 
87  153 13  157 131 98  145 161 79  116 204 75  8   188 58  30  122 90  116 50  53  110 164 88  113 163 95  45  215 149 

Total Distance:   1526.772943
Execution Time:   31.30  sec
Absolute Gap:     0.000000
Relative Gap:     0.000000
============= inst 808 end=============

