============= inst 809 =============
Route:
1  8  24 30 1  
1  11 19 9  23 1  
1  12 6  7  4  13 1  
1  14 16 18 21 29 5  1  
1  27 10 22 20 25 26 1  
1  28 2  3  17 15 1  

Point Location:
121 174 204 195 78  183 205 123 84  55  87  167 201 72  167 68  200 25  85  25  28  15  89  88  22  38  59  157 42  112 
144 195 175 82  157 30  33  169 37  25  106 104 123 183 158 181 163 201 58  38  167 15  65  198 101 120 24  192 152 163 

Total Distance:   1538.440702
Execution Time:   8.00  sec
Absolute Gap:     0.000000
Relative Gap:     0.000000
============= inst 809 end=============

