============= inst 81 =============
Route:
1  11 21 4  2  12 9  1  
1  17 30 15 1  
1  20 6  23 8  29 1  
1  22 16 25 5  18 7  1  
1  24 3  13 14 19 1  
1  28 26 27 10 1  

Point Location:
153 14  100 34  212 206 204 215 30  155 85  20  101 122 121 173 134 207 140 193 33  179 214 56  200 150 160 152 175 119 
135 113 199 33  187 44  169 104 166 84  92  161 209 193 136 212 141 171 197 55  28  182 96  161 205 69  73  123 124 142 

Total Distance:   1378.907318
Execution Time:   10.50  sec
Absolute Gap:     0.000000
Relative Gap:     0.000000
============= inst 81 end=============

