============= inst 810 =============
Route:
1  3  27 6  12 2  24 1  
1  10 30 15 21 11 16 1  
1  13 14 29 1  
1  18 17 7  4  1  
1  20 22 23 19 1  
1  25 28 8  9  26 5  1  

Point Location:
125 62  51  184 140 50  209 168 177 52  70  41  166 122 25  88  218 204 94  97  44  77  74  74  116 177 30  113 122 34  
116 15  84  122 165 39  140 207 201 116 193 15  17  48  179 156 138 156 70  101 186 83  81  46  165 195 77  192 109 173 

Total Distance:   1429.122089
Execution Time:   13.52  sec
Absolute Gap:     0.000000
Relative Gap:     0.000000
============= inst 810 end=============

