============= inst 811 =============
Route:
1  6  30 16 18 1  
1  15 24 8  7  28 23 1  
1  17 4  13 1  
1  25 12 14 2  10 9  1  
1  27 19 21 5  1  
1  29 11 22 26 3  20 1  

Point Location:
113 24  41  210 196 132 69  129 62  51  7   25  202 24  104 115 205 94  202 55  202 24  60  120 33  30  188 76  45  123 
116 218 122 63  150 195 8   8   179 209 78  202 49  204 71  192 83  184 188 111 175 99  74  66  135 97  179 39  74  193 

Total Distance:   1561.940612
Execution Time:   104.06  sec
Absolute Gap:     0.000000
Relative Gap:     0.000000
============= inst 811 end=============

