============= inst 812 =============
Route:
1  5  17 23 10 4  21 1  
1  11 12 26 1  
1  13 25 3  20 8  1  
1  22 2  18 29 15 9  1  
1  24 6  19 7  14 1  
1  28 30 27 16 1  

Point Location:
91  157 22  165 94  189 180 10  179 208 68  60  72  145 177 131 152 185 193 11  130 98  181 161 64  79  134 123 182 139 
139 204 86  49  49  75  102 154 161 13  149 188 85  107 180 140 38  212 83  93  75  217 28  80  90  159 150 150 181 155 

Total Distance:   1445.564945
Execution Time:   31.20  sec
Absolute Gap:     0.000000
Relative Gap:     0.000000
============= inst 812 end=============

