============= inst 813 =============
Route:
1  5  2  19 21 8  15 1  
1  6  25 11 1  
1  10 17 27 24 26 1  
1  13 30 3  16 23 9  1  
1  14 22 20 4  18 28 1  
1  29 7  12 1  

Point Location:
104 14  160 216 53  45  81  90  197 46  45  68  118 179 101 186 29  164 30  218 90  188 203 23  21  19  22  156 108 134 
73  183 176 57  115 55  31  164 116 19  94  32  117 77  145 185 11  29  186 70  168 73  138 21  66  46  7   38  17  186 

Total Distance:   1507.436630
Execution Time:   0.48  sec
Absolute Gap:     0.000000
Relative Gap:     0.000000
============= inst 813 end=============

