============= inst 814 =============
Route:
1  3  25 24 2  7  19 1  
1  4  11 30 15 8  22 1  
1  10 5  27 17 23 13 1  
1  18 6  29 1  
1  20 9  14 28 16 1  
1  26 12 21 1  

Point Location:
132 22  85  203 52  183 14  113 151 60  177 81  46  194 145 174 23  153 37  124 70  127 40  12  42  106 35  198 158 180 
136 33  37  54  172 78  56  25  185 175 25  82  151 209 12  138 169 105 72  163 120 40  166 20  30  64  191 196 77  18  

Total Distance:   1580.423940
Execution Time:   27.42  sec
Absolute Gap:     0.000000
Relative Gap:     0.000000
============= inst 814 end=============

