============= inst 815 =============
Route:
1  11 29 5  27 7  1  
1  12 8  25 2  13 3  1  
1  15 23 21 6  1  
1  16 28 30 1  
1  17 10 19 20 9  1  
1  24 22 4  26 14 18 1  

Point Location:
82  182 217 140 25  43  71  153 121 166 55  155 197 89  20  70  122 92  172 148 10  139 19  119 160 103 70  60  33  72  
85  146 116 212 13  90  35  136 23  84  48  134 168 180 182 90  96  149 81  48  93  193 105 161 159 193 35  106 56  115 

Total Distance:   1477.066886
Execution Time:   118.80  sec
Absolute Gap:     0.000000
Relative Gap:     0.000000
============= inst 815 end=============

