============= inst 816 =============
Route:
1  7  28 23 4  8  1  
1  15 10 9  5  11 24 1  
1  20 22 17 3  30 1  
1  21 19 14 18 1  
1  26 16 6  2  25 1  
1  29 12 13 27 1  

Point Location:
111 205 13  99  159 216 61  106 120 111 171 207 182 22  112 218 29  84  75  48  82  31  97  139 150 190 175 58  140 13  
108 111 59  34  215 109 33  94  216 212 195 25  51  204 178 80  52  195 140 61  144 35  28  193 117 84  44  15  25  64  

Total Distance:   1614.505969
Execution Time:   49.67  sec
Absolute Gap:     0.000000
Relative Gap:     0.000000
============= inst 816 end=============

