============= inst 817 =============
Route:
1  4  22 11 15 1  
1  6  9  2  14 17 20 1  
1  19 27 25 1  
1  23 24 21 18 10 5  1  
1  29 26 28 8  16 12 1  
1  30 7  13 3  1  

Point Location:
93  191 19  120 208 155 31  46  168 213 167 56  12  142 153 81  120 188 56  113 176 139 144 172 104 29  46  31  42  38  
54  211 79  69  69  134 99  180 168 43  93  126 86  165 60  168 172 9   10  164 13  87  23  21  80  119 49  210 108 93  

Total Distance:   1637.065026
Execution Time:   36.19  sec
Absolute Gap:     0.000000
Relative Gap:     0.000000
============= inst 817 end=============

