============= inst 818 =============
Route:
1  5  25 4  2  29 24 1  
1  7  20 10 11 16 8  1  
1  12 22 30 1  
1  18 3  17 1  
1  19 28 9  26 6  21 1  
1  27 14 13 15 23 1  

Point Location:
95  72  100 83  103 178 103 157 188 215 204 36  36  40  21  162 77  110 147 212 146 31  34  79  127 184 47  163 38  66  
149 31  195 30  87  175 124 171 193 109 135 195 91  101 118 171 168 205 214 85  159 162 141 70  70  176 112 213 24  152 

Total Distance:   1413.237746
Execution Time:   29.63  sec
Absolute Gap:     0.000000
Relative Gap:     0.000000
============= inst 818 end=============

