============= inst 819 =============
Route:
1  6  10 11 16 1  
1  13 18 4  23 24 21 1  
1  22 9  12 14 15 1  
1  25 30 8  1  
1  27 2  5  20 28 26 1  
1  29 7  3  17 19 1  

Point Location:
102 144 205 184 65  120 194 106 44  122 116 53  133 69  75  106 179 154 155 47  202 52  191 208 100 76  129 62  141 111 
83  196 125 28  209 115 140 68  52  128 128 88  7   88  88  99  81  26  58  186 66  40  25  44  50  131 165 140 128 55  

Total Distance:   1267.477873
Execution Time:   7.91  sec
Absolute Gap:     0.000000
Relative Gap:     0.000000
============= inst 819 end=============

