============= inst 82 =============
Route:
1  2  6  16 17 24 4  1  
1  9  14 18 13 20 25 1  
1  11 3  19 1  
1  26 15 22 7  27 30 1  
1  28 21 8  1  
1  29 5  12 23 10 1  

Point Location:
95  41  133 85  24  57  217 199 174 35  123 18  150 181 200 38  71  172 110 123 193 216 11  81  120 165 212 154 64  208 
162 103 199 125 217 89  193 196 88  161 200 198 24  14  128 8   49  11  174 47  208 170 180 97  70  151 189 191 197 185 

Total Distance:   1595.295139
Execution Time:   55.30  sec
Absolute Gap:     0.000000
Relative Gap:     0.000000
============= inst 82 end=============

