============= inst 820 =============
Route:
1  2  12 25 22 19 15 1  
1  9  13 30 24 1  
1  11 10 3  17 23 1  
1  14 16 20 21 1  
1  28 4  8  5  1  
1  29 7  6  26 27 18 1  

Point Location:
147 49  61  163 204 124 143 215 183 23  45  8   197 118 89  104 82  124 55  98  109 32  142 204 15  98  70  146 144 208 
122 52  196 69  71  12  26  38  192 181 177 17  177 109 111 98  207 39  87  98  113 83  159 126 66  8   16  81  66  126 

Total Distance:   1568.208982
Execution Time:   60.20  sec
Absolute Gap:     0.000000
Relative Gap:     0.000000
============= inst 820 end=============

