============= inst 821 =============
Route:
1  5  20 30 25 28 1  
1  11 10 23 16 14 13 1  
1  15 6  3  4  12 27 1  
1  18 7  21 26 17 8  1  
1  19 22 24 1  
1  29 9  2  1  

Point Location:
72  41  165 126 115 156 54  10  49  53  18  83  86  113 122 95  23  42  93  211 64  103 55  102 175 39  63  128 58  201 
105 116 7   20  126 21  57  91  136 197 157 60  140 163 41  178 29  65  126 149 55  115 204 110 102 20  84  111 140 64  

Total Distance:   1398.261830
Execution Time:   7.89  sec
Absolute Gap:     0.000000
Relative Gap:     0.000000
============= inst 821 end=============

