============= inst 822 =============
Route:
1  8  2  26 1  
1  14 18 4  6  10 1  
1  16 29 5  1  
1  17 21 11 9  15 3  1  
1  19 27 23 28 25 7  1  
1  22 24 30 20 12 13 1  

Point Location:
147 181 106 102 140 101 175 210 74  103 68  45  130 130 125 168 92  113 142 18  78  10  217 12  202 180 179 208 176 14  
108 138 173 59  149 71  68  116 193 84  183 112 111 64  202 158 130 48  27  138 164 45  34  85  69  145 9   51  168 137 

Total Distance:   1428.320944
Execution Time:   6.33  sec
Absolute Gap:     0.000000
Relative Gap:     0.000000
============= inst 822 end=============

