============= inst 823 =============
Route:
1  5  17 3  11 12 28 1  
1  7  22 9  1  
1  8  15 29 1  
1  13 16 23 4  6  1  
1  21 25 18 2  24 10 1  
1  30 27 14 19 26 20 1  

Point Location:
94  178 22  103 44  91  91  125 106 160 35  19  118 213 144 168 19  199 189 166 96  97  144 182 59  169 211 59  117 207 
122 50  144 195 170 171 118 111 100 126 118 99  161 157 104 184 216 18  150 144 61  99  216 79  26  143 139 100 117 126 

Total Distance:   1464.672827
Execution Time:   59.38  sec
Absolute Gap:     0.000000
Relative Gap:     0.000000
============= inst 823 end=============

