============= inst 824 =============
Route:
1  3  22 29 26 11 17 1  
1  4  27 21 1  
1  13 18 8  7  2  30 1  
1  14 10 25 6  1  
1  19 9  15 12 20 5  1  
1  28 24 16 23 1  

Point Location:
108 17  55  109 177 169 15  27  112 154 54  132 80  138 120 188 51  61  114 182 129 39  194 163 209 49  118 122 41  33  
139 111 42  193 68  109 122 131 24  91  92  30  149 102 13  157 107 161 62  28  163 7   203 159 84  72  202 146 59  95  

Total Distance:   1504.089694
Execution Time:   42.77  sec
Absolute Gap:     0.000000
Relative Gap:     0.000000
============= inst 824 end=============

