============= inst 825 =============
Route:
1  4  14 12 2  19 8  1  
1  13 22 10 6  1  
1  18 26 21 1  
1  25 24 30 29 1  
1  27 20 23 3  16 17 1  
1  28 5  7  15 9  11 1  

Point Location:
107 183 215 170 13  85  15  133 63  50  60  187 71  173 50  213 165 125 162 176 98  45  179 28  58  116 172 31  56  45  
81  210 99  107 151 18  156 153 209 11  177 180 58  177 211 47  44  154 186 66  117 23  73  88  75  159 78  145 64  64  

Total Distance:   1521.194906
Execution Time:   39.14  sec
Absolute Gap:     0.000000
Relative Gap:     0.000000
============= inst 825 end=============

