============= inst 826 =============
Route:
1  3  9  30 1  
1  4  26 22 1  
1  7  21 13 28 25 10 1  
1  15 5  8  14 23 2  1  
1  18 12 16 27 11 29 1  
1  19 6  17 20 24 1  

Point Location:
83  162 90  75  188 23  124 202 74  153 41  155 153 198 170 186 24  149 59  15  138 41  164 26  172 56  100 177 19  67  
85  111 99  151 143 14  25  147 99  97  208 167 30  116 154 205 23  170 18  79  17  139 115 100 67  151 211 17  169 82  

Total Distance:   1546.588474
Execution Time:   78.72  sec
Absolute Gap:     0.000000
Relative Gap:     0.000000
============= inst 826 end=============

