============= inst 827 =============
Route:
1  20 13 2  16 9  4  1  
1  21 11 18 8  12 1  
1  25 6  26 22 14 5  1  
1  27 3  10 1  
1  29 19 23 1  
1  30 28 24 15 17 7  1  

Point Location:
85  109 9   12  144 182 168 12  36  19  16  32  130 159 177 43  165 8   135 113 44  201 83  204 139 218 15  215 139 216 
104 192 86  141 16  80  142 43  169 90  14  62  212 33  163 194 172 44  137 167 37  47  126 140 96  55  69  93  137 90  

Total Distance:   1610.039410
Execution Time:   27.84  sec
Absolute Gap:     0.000000
Relative Gap:     0.000000
============= inst 827 end=============

