============= inst 828 =============
Route:
1  5  22 7  2  19 1  
1  6  13 12 1  
1  10 14 9  15 27 24 1  
1  17 8  21 1  
1  23 11 28 4  20 18 1  
1  30 3  29 26 25 16 1  

Point Location:
104 25  175 179 27  54  25  97  57  27  213 68  41  54  76  121 102 109 59  145 113 9   192 118 177 179 111 201 199 137 
123 211 91  193 173 116 212 178 10  24  151 51  93  16  12  81  126 193 165 217 161 210 157 45  49  70  9   172 93  90  

Total Distance:   1520.846781
Execution Time:   63.17  sec
Absolute Gap:     0.000000
Relative Gap:     0.000000
============= inst 828 end=============

