============= inst 829 =============
Route:
1  9  6  18 1  
1  10 20 12 1  
1  14 4  26 25 19 24 1  
1  23 13 15 17 21 8  1  
1  29 11 2  5  28 1  
1  30 27 16 3  7  22 1  

Point Location:
96  27  148 170 52  127 140 10  141 83  49  115 107 144 105 153 67  122 203 86  37  147 101 175 205 178 217 85  62  195 
137 136 214 78  214 70  213 36  73  90  110 135 50  87  21  214 25  65  83  96  22  181 53  128 53  33  203 170 112 169 

Total Distance:   1573.177765
Execution Time:   32.41  sec
Absolute Gap:     0.000000
Relative Gap:     0.000000
============= inst 829 end=============

