============= inst 83 =============
Route:
1  7  18 6  16 23 3  1  
1  8  28 14 1  
1  11 17 2  13 9  15 1  
1  12 10 20 1  
1  25 27 5  26 29 22 1  
1  30 4  24 21 19 1  

Point Location:
128 143 181 87  30  189 158 152 164 166 124 176 149 120 152 209 140 180 47  166 53  95  174 91  16  49  16  142 60  96  
119 194 79  50  175 12  15  43  204 134 134 143 202 53  194 17  179 13  94  133 48  175 51  43  137 206 147 52  200 87  

Total Distance:   1364.941880
Execution Time:   7.47  sec
Absolute Gap:     0.000000
Relative Gap:     0.000000
============= inst 83 end=============

