============= inst 830 =============
Route:
1  4  18 2  13 6  1  
1  7  11 5  23 25 28 1  
1  10 22 16 14 8  1  
1  17 20 12 27 15 19 1  
1  24 26 30 1  
1  29 3  9  21 1  

Point Location:
139 136 103 152 10  92  114 143 76  187 79  14  108 158 9   210 48  143 50  44  88  211 13  210 7   186 33  20  117 168 
109 15  169 33  216 52  218 178 150 192 216 92  34  201 9   218 107 18  40  92  122 208 187 72  185 139 64  115 171 140 

Total Distance:   1763.938952
Execution Time:   17.26  sec
Absolute Gap:     0.000000
Relative Gap:     0.000000
============= inst 830 end=============

