============= inst 831 =============
Route:
1  2  22 7  17 10 26 1  
1  4  3  8  1  
1  13 9  25 27 6  1  
1  14 30 20 1  
1  24 23 18 5  19 15 1  
1  29 16 12 11 21 28 1  

Point Location:
158 176 140 155 187 136 204 132 53  179 44  41  96  174 163 13  218 215 177 128 112 184 202 198 61  164 120 125 12  165 
152 201 218 199 7   109 200 200 112 217 27  82  153 160 26  100 213 72  14  164 18  200 106 130 114 203 119 31  186 164 

Total Distance:   1579.710067
Execution Time:   62.88  sec
Absolute Gap:     0.000000
Relative Gap:     0.000000
============= inst 831 end=============

