============= inst 832 =============
Route:
1  2  21 30 8  1  
1  5  4  20 11 16 17 1  
1  14 25 28 15 12 10 1  
1  22 18 3  1  
1  24 29 19 6  7  9  1  
1  26 13 23 27 1  

Point Location:
123 175 97  211 179 20  34  175 58  134 143 148 121 75  126 143 134 80  24  166 202 112 113 12  9   130 115 56  31  189 
153 213 195 83  105 196 200 152 217 52  70  43  104 100 19  76  93  200 180 69  211 207 130 156 46  104 146 8   176 142 

Total Distance:   1519.561597
Execution Time:   11.73  sec
Absolute Gap:     0.000000
Relative Gap:     0.000000
============= inst 832 end=============

