============= inst 833 =============
Route:
1  8  2  25 17 26 27 1  
1  11 16 5  1  
1  18 21 12 24 15 30 1  
1  19 7  14 22 23 29 1  
1  20 4  6  1  
1  28 13 3  10 9  1  

Point Location:
99  78  23  80  100 42  187 87  19  21  106 167 29  162 122 111 33  138 184 95  140 124 121 133 46  42  37  57  109 119 
139 21  95  210 145 212 83  24  138 91  91  178 100 18  214 122 21  127 97  171 152 28  29  194 17  40  53  118 46  211 

Total Distance:   1426.007838
Execution Time:   84.01  sec
Absolute Gap:     0.000000
Relative Gap:     0.000000
============= inst 833 end=============

