============= inst 834 =============
Route:
1  5  10 15 1  
1  6  26 12 13 22 1  
1  18 7  8  4  17 19 1  
1  20 24 23 1  
1  28 3  21 11 14 29 1  
1  30 2  9  25 27 16 1  

Point Location:
79  58  204 121 59  125 216 180 47  50  170 157 173 133 90  39  84  166 43  42  209 160 59  34  42  143 21  193 121 83  
84  171 180 9   101 98  30  22  167 114 209 115 173 213 103 136 13  32  18  92  211 167 67  65  176 108 140 142 163 153 

Total Distance:   1563.684866
Execution Time:   69.69  sec
Absolute Gap:     0.000000
Relative Gap:     0.000000
============= inst 834 end=============

