============= inst 835 =============
Route:
1  3  14 29 24 27 30 1  
1  9  13 28 4  19 1  
1  15 22 17 1  
1  18 12 8  2  7  11 1  
1  21 5  6  1  
1  26 16 20 25 10 23 1  

Point Location:
97  85  167 46  123 104 104 31  83  120 113 11  42  178 111 156 112 46  41  180 119 113 108 193 180 149 176 42  218 161 
159 15  162 177 184 164 18  34  178 29  13  81  216 146 93  106 119 107 148 73  183 119 51  166 7   107 204 197 136 200 

Total Distance:   1504.558286
Execution Time:   103.34  sec
Absolute Gap:     0.000000
Relative Gap:     0.000000
============= inst 835 end=============

