============= inst 836 =============
Route:
1  3  13 10 30 28 6  1  
1  7  17 24 12 8  11 1  
1  14 4  9  21 16 18 1  
1  20 19 26 15 2  1  
1  22 23 29 1  
1  27 25 5  1  

Point Location:
138 192 109 203 113 65  41  65  196 83  104 76  95  193 214 192 11  191 162 164 211 148 144 14  77  191 93  10  140 61  
107 104 38  119 130 85  96  153 173 14  148 192 24  108 70  202 131 209 20  34  183 136 156 197 115 36  104 55  138 23  

Total Distance:   1527.919684
Execution Time:   19.03  sec
Absolute Gap:     0.000000
Relative Gap:     0.000000
============= inst 836 end=============

