============= inst 837 =============
Route:
1  4  18 2  29 28 13 1  
1  9  5  30 1  
1  17 10 8  12 19 26 1  
1  22 21 7  23 3  1  
1  24 6  15 25 14 20 1  
1  27 11 16 1  

Point Location:
55  174 61  150 118 133 61  78  76  79  65  40  133 202 200 90  50  192 26  124 41  41  67  127 218 17  64  135 154 123 
102 37  170 27  58  150 191 14  70  26  139 20  75  190 172 127 50  7   49  184 162 153 197 145 181 79  134 72  61  77  

Total Distance:   1460.952694
Execution Time:   39.92  sec
Absolute Gap:     0.000000
Relative Gap:     0.000000
============= inst 837 end=============

