============= inst 838 =============
Route:
1  3  12 27 13 2  29 1  
1  7  16 4  22 25 17 1  
1  19 20 11 28 8  15 1  
1  21 5  26 18 1  
1  24 10 9  14 1  
1  30 6  23 1  

Point Location:
133 42  88  183 207 117 90  44  204 197 9   43  46  172 58  173 140 167 69  37  180 178 102 176 174 176 27  32  56  127 
131 169 206 9   166 179 102 42  103 136 23  213 197 89  30  15  93  191 97  83  170 32  182 136 50  200 209 24  160 149 

Total Distance:   1512.800636
Execution Time:   40.56  sec
Absolute Gap:     0.000000
Relative Gap:     0.000000
============= inst 838 end=============

