============= inst 839 =============
Route:
1  10 30 9  5  22 1  
1  11 19 3  20 6  1  
1  16 27 29 15 1  
1  17 8  7  23 21 24 1  
1  18 25 12 14 13 28 1  
1  26 2  4  1  

Point Location:
126 145 207 88  178 201 15  18  199 217 155 36  115 80  71  119 39  25  169 201 38  160 7   66  13  137 72  111 49  212 
79  7   30  27  183 80  56  61  216 153 45  209 216 212 119 102 79  165 30  66  108 124 92  99  169 61  169 182 154 201 

Total Distance:   1708.499278
Execution Time:   52.05  sec
Absolute Gap:     0.000000
Relative Gap:     0.000000
============= inst 839 end=============

