============= inst 84 =============
Route:
1  3  12 8  18 2  1  
1  17 13 16 4  6  21 1  
1  24 30 15 27 7  26 1  
1  25 14 11 23 10 9  1  
1  28 20 19 1  
1  29 22 5  1  

Point Location:
71  26  50  192 81  161 194 18  23  10  47  12  106 58  202 158 110 23  119 148 135 95  30  180 59  114 177 115 71  189 
105 161 197 19  106 39  210 192 110 93  33  203 8   46  75  17  37  161 109 78  57  102 46  75  62  182 154 77  130 68  

Total Distance:   1530.291692
Execution Time:   32.20  sec
Absolute Gap:     0.000000
Relative Gap:     0.000000
============= inst 84 end=============

