============= inst 840 =============
Route:
1  7  20 23 2  13 1  
1  14 25 5  15 9  10 1  
1  19 8  12 11 30 3  1  
1  21 16 18 26 17 28 1  
1  24 27 22 1  
1  29 6  4  1  

Point Location:
155 152 106 203 43  212 172 96  80  127 71  78  154 106 72  39  50  34  124 201 55  212 155 198 83  7   211 58  163 86  
110 48  49  169 164 185 58  24  202 149 25  21  69  125 209 13  95  47  46  32  28  100 19  91  156 119 62  89  146 43  

Total Distance:   1591.559790
Execution Time:   32.67  sec
Absolute Gap:     0.000000
Relative Gap:     0.000000
============= inst 840 end=============

