============= inst 841 =============
Route:
1  5  16 10 7  30 17 1  
1  12 13 25 1  
1  14 15 8  19 21 22 1  
1  18 28 2  9  4  3  1  
1  20 27 26 11 1  
1  29 24 23 6  1  

Point Location:
154 199 199 213 46  121 47  13  207 28  171 196 217 78  57  30  80  117 22  156 70  93  158 195 192 176 172 149 166 67  
132 13  79  50  29  155 94  188 16  22  76  131 144 194 187 11  116 66  161 81  157 159 209 216 140 69  61  44  182 132 

Total Distance:   1570.044800
Execution Time:   9.77  sec
Absolute Gap:     0.000000
Relative Gap:     0.000000
============= inst 841 end=============

