============= inst 842 =============
Route:
1  2  9  24 1  
1  3  15 13 10 28 22 1  
1  5  16 30 25 26 19 1  
1  8  27 17 6  12 1  
1  14 29 7  4  18 23 1  
1  21 20 11 1  

Point Location:
58  37  116 188 10  183 208 120 22  91  113 163 111 164 136 10  200 167 63  64  47  90  151 29  53  83  169 89  173 42  
147 149 42  149 76  159 118 199 160 46  217 171 30  111 9   59  202 137 58  216 203 63  139 108 14  27  215 48  112 25  

Total Distance:   1675.911513
Execution Time:   52.02  sec
Absolute Gap:     0.000000
Relative Gap:     0.000000
============= inst 842 end=============

