============= inst 843 =============
Route:
1  14 25 10 1  
1  19 12 23 11 20 22 1  
1  21 16 8  1  
1  26 15 30 24 6  13 1  
1  27 4  2  5  7  3  1  
1  29 17 18 9  28 1  

Point Location:
83  34  12  47  33  147 16  112 38  42  154 137 100 80  207 88  15  18  95  172 90  172 144 210 58  173 41  64  40  202 
151 9   77  49  50  37  64  196 167 207 130 119 87  205 135 194 121 162 143 132 183 148 119 26  213 173 80  153 138 87  

Total Distance:   1466.410766
Execution Time:   42.31  sec
Absolute Gap:     0.000000
Relative Gap:     0.000000
============= inst 843 end=============

