============= inst 844 =============
Route:
1  2  26 5  22 18 24 1  
1  16 29 14 1  
1  17 12 10 28 1  
1  19 20 15 27 11 23 1  
1  21 6  3  30 8  7  1  
1  25 13 4  9  1  

Point Location:
109 19  213 36  26  197 182 194 28  159 158 164 63  81  178 80  117 50  142 178 186 11  127 105 73  28  168 151 82  198 
136 110 177 134 71  187 131 128 181 170 74  195 120 122 40  82  214 47  121 74  156 23  104 62  134 76  48  162 104 152 

Total Distance:   1453.785946
Execution Time:   47.00  sec
Absolute Gap:     0.000000
Relative Gap:     0.000000
============= inst 844 end=============

