============= inst 845 =============
Route:
1  3  19 13 10 25 20 1  
1  12 26 23 11 30 1  
1  14 18 21 4  27 1  
1  15 8  7  29 22 1  
1  16 2  17 5  6  1  
1  28 9  24 1  

Point Location:
102 157 47  46  210 172 216 171 51  7   99  85  15  55  125 143 163 54  19  87  39  122 75  70  47  82  64  61  141 107 
85  195 139 109 190 165 51  35  52  216 158 134 143 77  41  186 200 83  145 184 101 72  166 34  218 150 94  52  54  157 

Total Distance:   1468.937651
Execution Time:   63.39  sec
Absolute Gap:     0.000000
Relative Gap:     0.000000
============= inst 845 end=============

