============= inst 846 =============
Route:
1  5  8  21 4  7  17 1  
1  9  16 6  10 1  
1  20 25 23 12 28 19 1  
1  24 3  15 22 1  
1  26 14 27 1  
1  30 11 13 29 18 2  1  

Point Location:
159 193 102 46  32  199 78  12  134 177 167 81  187 217 99  133 96  204 101 94  22  100 66  136 70  201 200 87  218 172 
95  171 216 109 179 52  105 116 39  73  209 80  206 154 157 30  105 183 77  28  109 139 48  176 13  154 119 84  213 186 

Total Distance:   1605.565928
Execution Time:   4.44  sec
Absolute Gap:     0.000000
Relative Gap:     0.000000
============= inst 846 end=============

