============= inst 847 =============
Route:
1  2  18 5  6  25 16 1  
1  4  11 19 1  
1  7  30 28 15 10 9  1  
1  13 20 29 3  27 21 1  
1  22 23 14 1  
1  26 24 17 8  12 1  

Point Location:
93  200 212 44  212 191 58  24  145 108 32  36  151 77  33  160 10  217 40  188 170 116 88  11  170 51  192 41  197 41  
110 144 83  144 202 215 85  189 41  14  132 180 59  111 14  201 189 152 127 52  102 98  103 196 197 192 93  35  59  63  

Total Distance:   1448.465826
Execution Time:   7.81  sec
Absolute Gap:     0.000000
Relative Gap:     0.000000
============= inst 847 end=============

