============= inst 848 =============
Route:
1  2  9  25 27 8  1  
1  3  14 4  19 23 20 1  
1  16 24 5  10 28 15 1  
1  18 13 7  11 1  
1  26 21 6  29 22 1  
1  30 12 17 1  

Point Location:
148 188 55  41  49  106 65  198 197 108 68  198 59  47  118 53  143 85  30  112 133 109 16  29  202 144 202 112 102 173 
70  217 78  86  185 143 75  136 194 205 75  52  59  81  155 101 67  37  80  20  125 111 22  139 195 117 165 187 127 70  

Total Distance:   1570.043256
Execution Time:   81.56  sec
Absolute Gap:     0.000000
Relative Gap:     0.000000
============= inst 848 end=============

