============= inst 849 =============
Route:
1  5  11 26 1  
1  7  29 28 1  
1  9  22 20 4  15 21 1  
1  16 12 10 3  25 8  1  
1  17 18 30 23 19 24 1  
1  27 13 6  14 2  1  

Point Location:
128 112 37  189 106 124 179 68  175 30  74  19  141 122 182 18  73  34  93  204 156 196 44  97  58  116 155 193 194 39  
56  181 71  183 54  196 53  56  129 70  75  73  160 197 202 25  98  112 122 164 215 148 177 121 54  73  134 40  50  170 

Total Distance:   1538.844936
Execution Time:   45.94  sec
Absolute Gap:     0.000000
Relative Gap:     0.000000
============= inst 849 end=============

