============= inst 85 =============
Route:
1  8  29 18 1  
1  13 19 14 12 23 4  1  
1  17 30 9  15 22 1  
1  20 5  28 1  
1  24 16 6  25 10 26 1  
1  27 11 7  2  21 3  1  

Point Location:
84  117 99  152 55  214 213 68  78  218 174 175 141 179 101 183 33  115 158 59  119 88  176 149 215 205 129 23  94  45  
117 218 194 144 105 27  212 138 40  91  194 121 122 100 45  59  67  119 125 95  199 71  144 68  61  82  177 121 132 56  

Total Distance:   1469.148901
Execution Time:   28.67  sec
Absolute Gap:     0.000000
Relative Gap:     0.000000
============= inst 85 end=============

