============= inst 850 =============
Route:
1  8  24 4  23 19 30 1  
1  9  6  3  7  11 26 1  
1  13 25 12 18 17 16 1  
1  21 15 28 5  1  
1  27 14 22 1  
1  29 2  20 10 1  

Point Location:
71  174 167 32  67  140 168 79  103 133 155 154 146 100 10  96  128 127 43  168 27  71  33  55  175 157 98  10  115 11  
104 137 18  28  218 23  28  22  26  124 38  209 183 136 191 173 196 199 70  116 175 125 53  24  214 65  130 206 137 87  

Total Distance:   1514.628955
Execution Time:   92.67  sec
Absolute Gap:     0.000000
Relative Gap:     0.000000
============= inst 850 end=============

