============= inst 851 =============
Route:
1  9  17 21 16 14 1  
1  10 15 13 1  
1  11 4  8  24 19 1  
1  18 26 27 22 12 3  1  
1  23 20 7  6  1  
1  25 29 5  2  30 28 1  

Point Location:
133 16  216 195 22  190 191 150 94  157 168 216 130 131 139 138 48  174 120 182 114 200 155 99  90  185 202 65  72  28  
126 146 134 204 128 122 138 211 106 117 191 97  113 54  108 52  7   38  179 148 9   85  136 197 121 8   8   172 112 196 

Total Distance:   1517.707878
Execution Time:   25.42  sec
Absolute Gap:     0.000000
Relative Gap:     0.000000
============= inst 851 end=============

