============= inst 852 =============
Route:
1  4  21 17 1  
1  5  19 24 6  30 9  1  
1  7  20 25 29 10 1  
1  11 16 12 8  14 2  1  
1  15 23 13 1  
1  27 26 3  22 28 18 1  

Point Location:
144 50  30  178 135 159 207 41  179 144 119 64  136 29  145 99  165 93  115 214 171 22  135 142 144 38  46  51  143 206 
105 122 78  135 81  14  193 147 55  168 144 160 129 147 137 167 102 61  48  218 118 70  144 22  201 98  90  42  192 32  

Total Distance:   1332.370500
Execution Time:   10.33  sec
Absolute Gap:     0.000000
Relative Gap:     0.000000
============= inst 852 end=============

