============= inst 853 =============
Route:
1  6  12 21 1  
1  7  16 27 14 28 1  
1  9  5  17 29 22 19 1  
1  13 4  20 2  3  26 1  
1  24 8  30 10 11 1  
1  25 23 15 18 1  

Point Location:
73  61  90  43  76  33  209 148 57  204 189 47  46  137 7   217 96  26  20  58  78  18  30  96  50  72  162 125 104 192 
107 8   30  11  153 93  145 48  148 18  41  88  27  160 62  182 188 71  134 10  107 206 55  91  72  40  152 144 207 27  

Total Distance:   1528.404436
Execution Time:   70.63  sec
Absolute Gap:     0.000000
Relative Gap:     0.000000
============= inst 853 end=============

