============= inst 854 =============
Route:
1  5  9  11 1  
1  7  6  12 1  
1  8  25 15 18 13 16 1  
1  20 10 23 14 27 4  1  
1  21 3  19 24 28 29 1  
1  22 26 30 2  17 1  

Point Location:
76  210 98  166 31  79  81  124 7   218 28  78  195 185 215 149 168 215 81  176 88  83  207 75  139 92  171 67  65  167 
84  51  188 94  111 140 126 150 128 111 68  167 148 93  210 157 76  172 217 115 169 51  92  202 182 7   90  177 173 39  

Total Distance:   1705.504694
Execution Time:   22.75  sec
Absolute Gap:     0.000000
Relative Gap:     0.000000
============= inst 854 end=============

