============= inst 855 =============
Route:
1  19 12 14 1  
1  23 8  18 2  11 30 1  
1  24 29 3  13 15 21 1  
1  25 9  7  26 10 22 1  
1  27 4  16 20 5  1  
1  28 17 6  1  

Point Location:
145 63  89  192 209 184 28  134 37  15  74  151 81  148 60  196 207 85  152 217 64  32  152 119 56  15  166 185 142 123 
130 197 7   56  70  124 170 215 116 196 185 75  9   86  77  37  171 204 109 11  79  182 194 76  100 185 52  202 30  141 

Total Distance:   1602.594711
Execution Time:   27.13  sec
Absolute Gap:     0.000000
Relative Gap:     0.000000
============= inst 855 end=============

