============= inst 856 =============
Route:
1  3  4  21 2  18 1  
1  5  20 7  1  
1  14 24 26 25 9  17 1  
1  16 22 15 27 29 1  
1  19 6  11 12 10 30 1  
1  23 13 8  28 1  

Point Location:
120 145 161 158 99  197 130 211 31  185 213 214 218 42  36  99  39  131 187 101 157 43  154 30  10  20  15  158 56  168 
68  204 155 178 76  200 50  9   98  106 213 130 53  57  209 111 79  188 161 48  198 208 80  47  57  53  191 14  140 102 

Total Distance:   1658.156925
Execution Time:   90.70  sec
Absolute Gap:     0.000000
Relative Gap:     0.000000
============= inst 856 end=============

