============= inst 857 =============
Route:
1  8  21 16 3  12 10 1  
1  15 25 18 1  
1  24 17 30 11 14 9  1  
1  26 7  6  28 19 4  1  
1  27 5  13 2  20 1  
1  29 22 23 1  

Point Location:
78  11  210 111 10  90  83  112 161 96  205 147 28  195 177 153 193 160 125 22  146 11  21  200 180 86  63  122 56  212 
109 122 12  148 215 182 173 34  218 94  210 47  165 206 75  7   163 99  163 127 11  17  34  124 73  140 182 167 62  190 

Total Distance:   1703.001977
Execution Time:   23.22  sec
Absolute Gap:     0.000000
Relative Gap:     0.000000
============= inst 857 end=============

