============= inst 858 =============
Route:
1  3  30 20 6  15 24 1  
1  4  18 5  1  
1  10 29 19 17 11 1  
1  14 27 9  22 2  13 1  
1  21 23 28 1  
1  25 26 8  7  12 16 1  

Point Location:
131 135 57  113 121 18  82  66  158 164 173 106 163 216 11  113 188 92  177 38  112 146 89  66  72  45  198 77  184 52  
81  185 89  93  52  130 193 195 214 68  16  199 166 138 53  156 39  100 51  138 32  217 14  64  171 191 206 28  79  112 

Total Distance:   1572.800616
Execution Time:   25.00  sec
Absolute Gap:     0.000000
Relative Gap:     0.000000
============= inst 858 end=============

