============= inst 859 =============
Route:
1  4  8  29 11 30 1  
1  5  2  18 1  
1  7  20 10 14 12 6  1  
1  9  16 3  1  
1  17 19 23 21 24 22 1  
1  28 27 13 15 26 25 1  

Point Location:
107 134 153 35  142 89  54  29  127 60  58  67  213 67  198 151 179 88  188 9   200 148 198 202 176 191 205 194 46  78  
119 72  142 167 79  58  68  174 111 7   206 32  147 9   196 124 102 101 113 57  91  68  111 35  207 201 120 136 176 194 

Total Distance:   1458.159891
Execution Time:   7.00  sec
Absolute Gap:     0.000000
Relative Gap:     0.000000
============= inst 859 end=============

