============= inst 86 =============
Route:
1  4  17 13 3  24 1  
1  7  14 26 1  
1  18 15 19 28 8  20 1  
1  21 29 23 16 11 30 1  
1  22 2  10 6  12 25 1  
1  27 5  9  1  

Point Location:
91  185 29  48  83  192 134 61  82  195 197 101 63  124 44  189 56  42  12  75  124 181 177 12  85  111 105 15  137 129 
99  70  35  70  168 14  64  218 101 39  194 13  31  60  168 197 54  149 180 208 192 90  205 99  41  72  151 205 207 134 

Total Distance:   1546.335904
Execution Time:   13.47  sec
Absolute Gap:     0.000000
Relative Gap:     0.000000
============= inst 86 end=============

