============= inst 860 =============
Route:
1  4  29 16 24 27 22 1  
1  11 6  7  18 17 1  
1  19 12 15 1  
1  26 8  14 21 2  1  
1  28 9  3  20 13 1  
1  30 10 25 23 5  1  

Point Location:
120 96  18  168 153 157 195 32  26  77  145 61  64  22  54  215 181 198 80  61  53  171 124 203 100 29  211 66  211 84  
87  17  160 101 197 27  27  61  142 212 60  31  132 39  37  142 82  54  29  162 8   155 202 150 213 82  171 105 107 198 

Total Distance:   1606.710049
Execution Time:   3.75  sec
Absolute Gap:     0.000000
Relative Gap:     0.000000
============= inst 860 end=============

