============= inst 861 =============
Route:
1  6  30 25 9  8  1  
1  13 10 7  14 22 4  1  
1  15 12 29 1  
1  16 3  21 24 28 20 1  
1  19 11 2  23 5  27 1  
1  26 17 18 1  

Point Location:
98  212 121 152 159 69  216 67  46  187 181 80  155 206 76  119 88  98  171 84  109 197 186 79  27  81  133 35  98  36  
103 88  163 186 14  85  158 50  45  137 85  126 147 171 140 148 20  40  93  172 207 178 53  205 28  54  41  212 91  78  

Total Distance:   1457.947866
Execution Time:   2.14  sec
Absolute Gap:     0.000000
Relative Gap:     0.000000
============= inst 861 end=============

