============= inst 862 =============
Route:
1  8  13 26 9  28 10 1  
1  15 3  14 23 22 27 1  
1  16 6  2  29 12 20 1  
1  19 4  11 5  1  
1  25 24 21 18 1  
1  30 7  17 1  

Point Location:
158 48  28  210 119 41  125 142 129 128 135 27  142 67  58  63  133 159 167 93  187 75  73  218 212 118 101 119 31  144 
99  102 9   30  51  76  124 165 178 151 10  138 194 30  39  85  92  169 78  157 168 30  32  188 128 205 53  167 133 108 

Total Distance:   1538.161107
Execution Time:   102.78  sec
Absolute Gap:     0.000000
Relative Gap:     0.000000
============= inst 862 end=============

