============= inst 863 =============
Route:
1  2  21 5  27 6  12 1  
1  3  17 19 13 20 14 1  
1  8  7  4  15 11 29 1  
1  16 28 9  22 30 1  
1  18 25 10 1  
1  23 26 24 1  

Point Location:
135 98  76  218 47  38  198 199 189 112 164 76  19  78  184 118 41  89  12  58  77  196 134 142 84  137 24  138 161 196 
99  163 24  200 200 194 126 108 31  82  193 152 77  142 195 36  13  103 50  128 213 49  131 73  67  117 198 8   161 62  

Total Distance:   1534.323445
Execution Time:   4.67  sec
Absolute Gap:     0.000000
Relative Gap:     0.000000
============= inst 863 end=============

