============= inst 864 =============
Route:
1  7  24 5  1  
1  8  30 26 19 16 14 1  
1  9  29 28 13 22 12 1  
1  20 17 6  18 3  4  1  
1  21 11 2  27 15 1  
1  23 25 10 1  

Point Location:
135 172 30  36  178 40  189 199 78  127 168 135 11  124 170 155 52  22  215 103 144 72  143 178 134 217 175 53  63  187 
95  166 189 167 101 192 43  107 86  87  159 18  57  180 131 195 204 208 181 138 137 18  111 75  112 169 147 67  92  132 

Total Distance:   1446.884352
Execution Time:   11.09  sec
Absolute Gap:     0.000000
Relative Gap:     0.000000
============= inst 864 end=============

