============= inst 865 =============
Route:
1  3  12 20 13 5  21 1  
1  7  6  30 1  
1  19 17 8  2  29 1  
1  22 15 9  23 16 14 1  
1  24 10 11 1  
1  25 26 28 4  18 27 1  

Point Location:
64  89  191 131 188 74  80  108 16  151 144 190 200 60  21  39  113 181 113 203 173 7   36  124 39  41  138 97  69  73  
122 214 131 42  194 156 149 212 187 117 105 137 200 212 179 211 168 61  143 192 161 153 208 127 109 35  89  50  186 160 

Total Distance:   1501.790726
Execution Time:   32.95  sec
Absolute Gap:     0.000000
Relative Gap:     0.000000
============= inst 865 end=============

