============= inst 866 =============
Route:
1  11 6  4  27 9  24 1  
1  18 22 14 13 19 7  1  
1  25 5  12 8  10 1  
1  26 15 16 21 17 20 1  
1  28 3  23 1  
1  30 29 2  1  

Point Location:
60  22  79  161 40  158 153 53  202 79  119 41  175 207 121 106 69  136 158 80  54  144 51  213 34  99  170 105 15  24  
154 70  131 83  207 91  167 215 30  192 89  215 183 211 55  10  32  188 171 55  27  212 152 124 173 76  41  129 62  57  

Total Distance:   1662.345236
Execution Time:   92.69  sec
Absolute Gap:     0.000000
Relative Gap:     0.000000
============= inst 866 end=============

