============= inst 867 =============
Route:
1  4  27 16 9  1  
1  7  20 14 13 1  
1  12 24 8  10 22 3  1  
1  17 5  18 26 25 23 1  
1  19 6  21 15 1  
1  28 2  11 29 30 1  

Point Location:
93  108 211 80  32  8   98  216 61  193 119 167 150 176 38  31  61  53  24  189 28  208 63  184 59  65  73  101 135 122 
107 44  35  35  178 65  139 103 63  85  28  127 144 186 58  12  143 186 91  204 62  66  150 108 179 205 16  48  61  95  

Total Distance:   1534.726642
Execution Time:   17.17  sec
Absolute Gap:     0.000000
Relative Gap:     0.000000
============= inst 867 end=============

