============= inst 868 =============
Route:
1  3  30 25 26 2  1  
1  16 20 15 29 8  13 1  
1  19 6  28 1  
1  21 18 4  1  
1  22 12 5  17 7  14 1  
1  23 27 10 11 9  24 1  

Point Location:
110 151 82  51  84  204 135 88  205 213 211 61  86  118 67  68  126 44  180 59  57  65  181 177 165 194 202 193 82  110 
74  45  24  60  141 87  184 195 179 155 189 122 170 130 208 170 171 67  100 199 76  101 108 162 10  21  154 78  216 21  

Total Distance:   1534.474080
Execution Time:   78.56  sec
Absolute Gap:     0.000000
Relative Gap:     0.000000
============= inst 868 end=============

