============= inst 869 =============
Route:
1  9  15 7  30 23 4  1  
1  11 16 27 14 1  
1  13 5  12 6  21 10 1  
1  18 19 29 24 1  
1  25 20 3  2  8  17 1  
1  26 22 28 1  

Point Location:
97  174 187 217 67  31  171 161 108 27  90  12  91  125 97  90  140 117 171 148 9   86  217 199 134 80  115 80  203 193 
121 196 213 55  46  74  9   173 81  131 164 40  61  188 42  185 165 99  100 197 136 121 17  128 170 108 197 141 109 14  

Total Distance:   1488.424770
Execution Time:   52.83  sec
Absolute Gap:     0.000000
Relative Gap:     0.000000
============= inst 869 end=============

