============= inst 87 =============
Route:
1  3  5  9  11 1  
1  4  10 18 1  
1  16 27 15 22 1  
1  20 25 8  24 7  14 1  
1  23 13 6  26 19 28 1  
1  30 12 21 2  29 17 1  

Point Location:
92  208 15  69  13  190 98  26  36  58  54  190 169 80  88  133 120 77  188 63  204 89  151 65  12  206 120 149 135 166 
161 215 188 217 168 37  76  13  154 210 161 163 44  82  128 104 183 179 75  104 149 133 35  11  33  54  102 120 216 159 

Total Distance:   1555.072609
Execution Time:   3.80  sec
Absolute Gap:     0.000000
Relative Gap:     0.000000
============= inst 87 end=============

