============= inst 870 =============
Route:
1  6  19 5  21 25 23 1  
1  10 4  13 1  
1  11 17 15 24 8  28 1  
1  12 29 2  3  22 20 1  
1  14 9  30 18 7  1  
1  27 16 26 1  

Point Location:
111 65  73  96  198 151 136 178 198 78  213 30  116 185 218 9   213 210 179 94  198 102 165 182 194 84  70  180 39  216 
159 33  25  82  89  88  216 12  163 71  53  132 141 172 18  197 48  194 75  55  102 33  145 9   124 193 178 20  66  185 

Total Distance:   1708.452408
Execution Time:   59.22  sec
Absolute Gap:     0.000000
Relative Gap:     0.000000
============= inst 870 end=============

