============= inst 871 =============
Route:
1  16 15 22 23 24 8  1  
1  17 14 7  9  30 21 1  
1  18 10 25 3  4  1  
1  26 11 6  1  
1  28 20 19 5  13 12 1  
1  29 2  27 1  

Point Location:
68  10  121 82  207 80  195 57  206 132 68  133 149 180 12  24  152 114 214 213 156 27  8   44  131 72  20  200 12  177 
131 138 194 180 9   164 175 50  125 186 171 14  30  146 90  113 120 134 19  70  87  55  16  20  192 163 121 83  138 73  

Total Distance:   1562.946850
Execution Time:   45.42  sec
Absolute Gap:     0.000000
Relative Gap:     0.000000
============= inst 871 end=============

