============= inst 872 =============
Route:
1  2  24 21 4  23 1  
1  5  3  27 1  
1  8  7  11 6  22 28 1  
1  17 18 10 9  12 20 1  
1  25 30 19 1  
1  26 16 14 29 15 13 1  

Point Location:
115 150 71  190 125 169 139 139 8   9   136 19  58  30  12  53  76  75  162 69  217 88  168 189 132 70  84  80  13  178 
58  80  11  121 24  209 132 121 85  108 154 37  130 209 186 204 78  110 37  51  111 177 107 88  67  211 19  150 217 43  

Total Distance:   1646.738017
Execution Time:   19.52  sec
Absolute Gap:     0.000000
Relative Gap:     0.000000
============= inst 872 end=============

