============= inst 873 =============
Route:
1  8  29 11 1  
1  10 3  21 1  
1  17 6  12 16 19 5  1  
1  24 20 9  15 13 7  1  
1  25 23 4  30 26 1  
1  28 27 2  14 22 18 1  

Point Location:
82  218 118 27  160 159 136 90  40  114 79  199 116 182 48  213 144 151 193 40  113 188 39  48  58  108 186 185 90  100 
93  43  139 212 142 191 35  142 52  131 148 196 9   94  40  205 186 103 179 84  113 115 193 106 156 164 22  46  160 186 

Total Distance:   1589.438906
Execution Time:   94.36  sec
Absolute Gap:     0.000000
Relative Gap:     0.000000
============= inst 873 end=============

