============= inst 874 =============
Route:
1  12 15 10 2  16 5  1  
1  18 24 29 7  17 1  
1  19 30 28 1  
1  21 3  9  13 6  8  1  
1  23 20 25 14 27 4  1  
1  26 11 22 1  

Point Location:
154 19  121 94  31  218 97  162 156 51  197 102 180 52  83  27  144 183 164 39  111 188 63  202 22  191 72  136 134 138 
116 199 197 116 148 171 13  165 198 195 86  196 186 137 183 187 41  38  78  84  180 117 92  12  109 92  116 102 18  96  

Total Distance:   1543.076836
Execution Time:   55.70  sec
Absolute Gap:     0.000000
Relative Gap:     0.000000
============= inst 874 end=============

