============= inst 875 =============
Route:
1  3  18 28 2  16 29 1  
1  9  4  30 21 23 1  
1  11 7  25 19 6  1  
1  12 13 14 10 1  
1  17 20 15 24 26 8  1  
1  27 22 5  1  

Point Location:
88  19  35  19  98  144 83  134 27  58  93  62  33  30  170 88  173 41  195 172 14  132 22  115 143 121 87  35  97  14  
89  201 150 119 100 61  7   182 99  77  47  76  53  62  203 187 155 175 61  187 124 112 125 215 9   190 146 179 170 118 

Total Distance:   1481.231638
Execution Time:   52.92  sec
Absolute Gap:     0.000000
Relative Gap:     0.000000
============= inst 875 end=============

