============= inst 876 =============
Route:
1  6  4  23 27 11 1  
1  7  15 19 1  
1  12 13 28 1  
1  14 9  5  26 17 29 1  
1  20 21 2  10 8  16 1  
1  25 3  24 22 18 30 1  

Point Location:
68  33  112 213 142 187 82  83  131 53  159 83  89  132 56  74  95  217 46  29  33  197 194 168 98  118 171 91  100 210 
68  167 199 67  140 20  13  165 124 165 63  67  92  112 15  140 149 156 49  109 134 159 67  199 193 143 73  106 133 143 

Total Distance:   1533.082637
Execution Time:   12.89  sec
Absolute Gap:     0.000000
Relative Gap:     0.000000
============= inst 876 end=============

