============= inst 877 =============
Route:
1  4  15 25 10 19 6  1  
1  18 28 13 1  
1  23 2  17 12 14 8  1  
1  24 20 9  27 5  21 1  
1  29 22 16 1  
1  30 26 7  3  11 1  

Point Location:
82  175 69  161 165 126 96  136 165 174 25  197 69  173 170 18  176 64  168 146 165 11  133 95  178 137 201 68  59  131 
97  108 210 89  181 56  200 120 212 39  145 134 134 137 89  88  127 138 25  215 153 33  96  155 84  171 202 149 19  140 

Total Distance:   1585.544358
Execution Time:   74.17  sec
Absolute Gap:     0.000000
Relative Gap:     0.000000
============= inst 877 end=============

