============= inst 878 =============
Route:
1  6  10 3  1  
1  9  18 21 5  12 8  1  
1  11 13 26 27 24 20 1  
1  14 19 28 22 15 1  
1  16 7  25 23 4  29 1  
1  17 2  30 1  

Point Location:
135 84  152 18  200 132 63  161 179 140 91  206 29  134 118 97  116 189 113 113 218 105 26  82  32  25  56  68  48  90  
128 153 181 101 139 185 91  161 81  212 116 164 129 33  72  105 154 63  13  177 112 65  92  216 81  167 207 42  99  143 

Total Distance:   1467.954628
Execution Time:   6.08  sec
Absolute Gap:     0.000000
Relative Gap:     0.000000
============= inst 878 end=============

