============= inst 879 =============
Route:
1  12 17 22 25 15 1  
1  21 19 28 3  9  1  
1  24 8  2  4  20 1  
1  26 14 11 1  
1  27 6  13 7  16 18 1  
1  29 5  10 30 23 1  

Point Location:
140 28  91  45  206 7   58  59  118 212 142 123 30  154 196 64  118 88  129 52  142 113 159 78  125 176 63  108 195 204 
95  206 35  130 99  65  18  168 60  81  116 146 30  131 151 16  165 27  9   126 26  208 61  137 218 122 68  22  85  36  

Total Distance:   1529.563169
Execution Time:   37.03  sec
Absolute Gap:     0.000000
Relative Gap:     0.000000
============= inst 879 end=============

