============= inst 88 =============
Route:
1  5  20 16 14 21 1  
1  9  7  26 1  
1  18 6  22 3  24 17 1  
1  19 10 11 28 13 12 1  
1  23 27 4  1  
1  30 2  25 8  15 29 1  

Point Location:
162 18  142 210 64  208 198 48  214 44  29  73  80  91  67  73  159 207 25  66  133 182 172 125 14  148 186 20  83  61  
82  71  211 34  53  196 138 91  98  144 162 162 210 16  96  8   156 172 126 11  8   216 49  181 83  104 30  172 103 69  

Total Distance:   1734.083973
Execution Time:   16.00  sec
Absolute Gap:     0.000000
Relative Gap:     0.000000
============= inst 88 end=============

