============= inst 880 =============
Route:
1  4  2  27 7  14 20 1  
1  17 13 6  8  29 30 1  
1  19 16 9  1  
1  24 12 5  23 1  
1  25 22 26 11 10 21 1  
1  28 18 3  15 1  

Point Location:
101 205 34  155 66  182 193 187 135 22  8   58  181 187 56  115 163 23  104 161 69  58  68  14  72  53  216 35  175 151 
94  201 74  204 22  89  111 103 110 135 177 16  52  111 78  125 39  81  106 82  100 149 31  21  154 196 141 85  109 120 

Total Distance:   1451.264137
Execution Time:   4.22  sec
Absolute Gap:     0.000000
Relative Gap:     0.000000
============= inst 880 end=============

