============= inst 881 =============
Route:
1  10 23 2  9  29 11 1  
1  15 6  7  1  
1  17 14 19 4  8  1  
1  18 5  24 1  
1  25 27 3  13 16 26 1  
1  28 21 30 12 20 22 1  

Point Location:
122 204 16  168 110 75  84  160 217 193 137 114 25  174 105 90  151 125 163 200 116 183 201 104 79  103 50  112 192 97  
68  63  42  95  123 63  78  89  17  76  21  208 20  109 52  22  115 110 101 215 169 146 82  129 109 38  101 159 7   181 

Total Distance:   1397.036964
Execution Time:   2.84  sec
Absolute Gap:     0.000000
Relative Gap:     0.000000
============= inst 881 end=============

