============= inst 882 =============
Route:
1  3  26 6  23 25 14 1  
1  5  7  22 19 18 1  
1  12 9  8  1  
1  21 10 13 2  16 11 1  
1  27 29 17 15 4  20 1  
1  30 28 24 1  

Point Location:
52  201 24  87  91  30  163 37  49  176 174 61  193 67  138 205 148 105 125 77  103 158 81  17  76  8   95  12  153 29  
122 183 96  193 54  17  14  139 134 167 133 117 204 59  192 137 180 84  71  178 135 38  18  120 48  76  162 203 173 194 

Total Distance:   1555.801636
Execution Time:   107.69  sec
Absolute Gap:     0.000000
Relative Gap:     0.000000
============= inst 882 end=============

