============= inst 883 =============
Route:
1  4  26 21 1  
1  10 19 22 30 14 1  
1  11 27 8  29 13 3  1  
1  15 25 5  1  
1  17 23 9  28 20 24 1  
1  18 12 2  6  16 7  1  

Point Location:
101 7   185 10  126 76  93  213 23  171 163 16  208 176 154 93  100 8   189 46  60  194 73  78  142 25  178 42  202 193 
112 205 136 102 181 205 161 207 32  74  182 189 148 27  182 218 73  174 90  76  134 86  23  76  199 136 208 57  184 67  

Total Distance:   1652.553385
Execution Time:   3.06  sec
Absolute Gap:     0.000000
Relative Gap:     0.000000
============= inst 883 end=============

