============= inst 884 =============
Route:
1  5  26 23 21 7  1  
1  8  3  4  25 29 30 1  
1  9  13 2  11 20 1  
1  14 16 27 17 24 15 1  
1  22 18 19 6  1  
1  28 12 10 1  

Point Location:
120 33  129 170 129 160 140 125 65  93  57  85  19  32  53  37  54  216 183 58  153 198 159 66  202 135 25  112 211 194 
103 97  188 214 11  77  51  189 100 125 115 149 61  127 154 136 203 29  41  122 42  87  18  195 154 8   164 115 141 128 

Total Distance:   1505.551086
Execution Time:   2.38  sec
Absolute Gap:     0.000000
Relative Gap:     0.000000
============= inst 884 end=============

