============= inst 885 =============
Route:
1  7  23 14 8  1  
1  18 19 4  5  12 9  1  
1  21 25 3  29 6  1  
1  24 11 15 17 10 22 1  
1  26 20 16 27 2  1  
1  28 13 30 1  

Point Location:
86  142 98  17  14  98  33  53  63  16  21  17  140 30  9   208 7   48  16  175 92  25  7   49  98  136 154 139 100 123 
148 37  50  127 91  100 188 184 107 57  23  90  211 204 35  56  58  126 131 74  32  55  185 66  38  129 22  213 87  151 

Total Distance:   1516.070045
Execution Time:   89.09  sec
Absolute Gap:     0.000000
Relative Gap:     0.000000
============= inst 885 end=============

