============= inst 886 =============
Route:
1  2  17 14 3  19 1  
1  4  6  26 1  
1  16 11 27 22 9  8  1  
1  20 23 13 12 28 7  1  
1  21 18 29 1  
1  25 5  10 15 24 30 1  

Point Location:
148 194 200 137 41  89  97  210 188 37  94  61  12  207 32  94  218 121 161 61  135 163 20  7   93  97  109 61  132 62  
87  101 160 93  42  113 159 52  21  21  27  167 177 137 24  41  113 131 183 120 112 9   116 63  42  89  21  151 127 78  

Total Distance:   1535.255558
Execution Time:   54.72  sec
Absolute Gap:     0.000000
Relative Gap:     0.000000
============= inst 886 end=============

