============= inst 887 =============
Route:
1  5  3  7  16 29 13 1  
1  9  23 24 1  
1  11 19 14 6  15 18 1  
1  21 4  20 17 25 1  
1  27 2  26 8  30 22 1  
1  28 10 12 1  

Point Location:
123 68  167 25  149 14  207 16  183 120 78  136 191 17  53  217 93  60  35  76  39  50  190 170 112 13  106 104 210 39  
88  30  91  200 98  114 127 42  32  97  108 89  183 142 91  127 214 58  143 208 188 67  53  57  186 34  7   92  209 64  

Total Distance:   1551.198667
Execution Time:   111.91  sec
Absolute Gap:     0.000000
Relative Gap:     0.000000
============= inst 887 end=============

