============= inst 888 =============
Route:
1  6  17 9  1  
1  12 4  8  2  26 27 1  
1  13 20 29 19 15 23 1  
1  18 21 25 5  1  
1  22 7  28 16 1  
1  24 30 10 14 3  11 1  

Point Location:
71  16  213 102 125 22  127 40  55  171 176 94  168 191 175 105 17  121 191 189 122 120 161 132 131 31  31  137 191 158 
70  184 81  211 107 82  56  214 37  22  85  123 184 41  139 72  74  131 148 189 138 56  122 27  129 122 102 75  189 31  

Total Distance:   1555.664736
Execution Time:   19.30  sec
Absolute Gap:     0.000000
Relative Gap:     0.000000
============= inst 888 end=============

