============= inst 889 =============
Route:
1  5  6  24 29 12 9  1  
1  7  10 17 1  
1  8  19 18 3  13 21 1  
1  14 15 22 4  28 23 1  
1  16 11 27 1  
1  20 26 30 2  25 1  

Point Location:
127 207 33  157 52  54  97  94  63  93  130 59  48  118 127 135 109 9   56  133 42  135 178 33  188 190 123 179 12  174 
105 128 35  64  113 122 100 7   171 98  147 188 59  57  40  150 74  23  9   166 105 44  70  188 105 217 118 63  207 159 

Total Distance:   1445.644660
Execution Time:   56.59  sec
Absolute Gap:     0.000000
Relative Gap:     0.000000
============= inst 889 end=============

