============= inst 89 =============
Route:
1  3  14 2  24 21 8  1  
1  13 26 25 10 5  4  1  
1  15 6  7  12 1  
1  16 29 18 23 19 1  
1  28 17 11 1  
1  30 22 20 27 9  1  

Point Location:
98  109 82  155 150 8   23  104 171 180 140 84  195 60  21  161 169 197 169 207 120 210 214 117 186 197 204 104 167 206 
101 204 178 183 216 85  43  181 131 210 110 60  150 200 137 75  110 93  24  132 193 124 70  197 175 171 133 125 70  123 

Total Distance:   1618.330572
Execution Time:   44.69  sec
Absolute Gap:     0.000000
Relative Gap:     0.000000
============= inst 89 end=============

