============= inst 890 =============
Route:
1  3  23 13 1  
1  5  6  4  9  24 25 1  
1  7  26 11 1  
1  14 8  28 27 22 16 1  
1  17 12 19 15 30 1  
1  29 18 20 2  21 10 1  

Point Location:
136 206 149 197 203 196 174 35  189 170 172 67  115 61  20  101 86  148 48  123 163 23  149 183 162 187 10  9   142 51  
88  209 51  120 98  108 72  67  130 138 45  175 39  68  153 73  123 193 209 216 160 20  24  128 129 75  8   29  167 89  

Total Distance:   1548.350223
Execution Time:   10.55  sec
Absolute Gap:     0.000000
Relative Gap:     0.000000
============= inst 890 end=============

