============= inst 891 =============
Route:
1  5  2  16 8  24 25 1  
1  6  29 10 4  26 1  
1  7  20 11 1  
1  14 19 9  15 23 12 1  
1  18 30 13 1  
1  28 17 27 22 21 3  1  

Point Location:
137 12  95  119 7   181 161 48  216 148 119 183 115 200 214 29  31  112 210 135 77  61  208 61  102 104 10  91  150 106 
88  38  181 205 88  132 46  34  45  212 66  74  128 98  15  23  163 108 103 32  203 214 50  23  7   147 209 146 164 132 

Total Distance:   1612.157421
Execution Time:   15.01  sec
Absolute Gap:     0.000000
Relative Gap:     0.000000
============= inst 891 end=============

