============= inst 892 =============
Route:
1  4  11 12 3  2  5  1  
1  6  24 16 7  21 19 1  
1  18 25 8  22 17 14 1  
1  26 30 13 1  
1  27 29 9  23 1  
1  28 10 20 15 1  

Point Location:
100 191 203 177 182 113 162 13  203 40  184 212 118 7   42  145 17  85  165 9   162 11  196 123 46  107 128 55  175 110 
149 29  9   117 26  61  8   9   198 218 90  51  139 143 168 31  107 91  66  178 20  46  181 62  8   82  183 211 207 110 

Total Distance:   1756.842972
Execution Time:   67.89  sec
Absolute Gap:     0.000000
Relative Gap:     0.000000
============= inst 892 end=============

