============= inst 893 =============
Route:
1  3  25 15 20 17 22 1  
1  5  11 23 28 19 26 1  
1  6  9  8  13 1  
1  12 2  27 24 14 1  
1  16 7  4  21 29 1  
1  30 10 18 1  

Point Location:
119 30  190 139 59  21  179 23  16  76  53  80  83  83  218 205 212 76  24  214 123 143 33  69  212 47  19  23  120 100 
114 178 123 199 56  128 213 144 150 101 9   149 130 199 130 210 11  115 54  82  157 59  50  215 143 91  199 50  143 91  

Total Distance:   1618.921350
Execution Time:   60.83  sec
Absolute Gap:     0.000000
Relative Gap:     0.000000
============= inst 893 end=============

