============= inst 894 =============
Route:
1  2  22 12 15 26 25 1  
1  5  20 19 14 8  1  
1  6  3  16 1  
1  7  9  17 10 21 1  
1  11 24 27 29 23 13 1  
1  28 30 18 4  1  

Point Location:
113 178 96  49  178 113 49  129 32  77  61  200 130 136 167 94  13  23  163 188 91  194 94  58  128 151 46  23  51  19  
68  126 27  77  70  38  40  39  37  28  139 191 153 23  157 38  26  97  20  29  12  147 209 177 97  116 211 121 208 120 

Total Distance:   1468.449622
Execution Time:   56.50  sec
Absolute Gap:     0.000000
Relative Gap:     0.000000
============= inst 894 end=============

