============= inst 895 =============
Route:
1  5  3  29 6  9  21 1  
1  11 24 25 1  
1  18 12 8  17 26 10 1  
1  20 13 7  4  15 16 1  
1  23 19 14 1  
1  28 30 22 2  27 1  

Point Location:
93  132 170 218 167 206 215 63  209 116 66  7   188 123 214 166 98  62  141 153 168 129 136 46  44  124 120 18  176 33  
102 34  108 42  108 117 35  218 218 133 102 204 11  95  94  77  216 182 105 47  156 23  106 103 152 204 44  10  96  8   

Total Distance:   1714.900110
Execution Time:   76.09  sec
Absolute Gap:     0.000000
Relative Gap:     0.000000
============= inst 895 end=============

