============= inst 896 =============
Route:
1  5  10 25 13 1  
1  7  12 14 30 26 1  
1  8  4  6  15 22 20 1  
1  9  11 2  18 1  
1  21 16 23 3  1  
1  24 28 19 17 27 29 1  

Point Location:
102 147 27  202 168 204 109 178 154 181 138 107 148 86  214 71  15  133 8   165 73  209 18  52  181 30  20  45  45  54  
110 196 135 210 90  190 40  185 132 88  157 37  55  34  178 96  171 203 173 125 98  145 106 187 22  34  171 197 164 17  

Total Distance:   1557.910934
Execution Time:   4.14  sec
Absolute Gap:     0.000000
Relative Gap:     0.000000
============= inst 896 end=============

