============= inst 897 =============
Route:
1  8  11 30 1  
1  9  28 6  13 14 7  1  
1  12 24 21 10 5  1  
1  16 20 23 17 2  25 1  
1  22 18 4  19 1  
1  27 29 26 3  15 1  

Point Location:
104 82  15  127 45  205 132 66  163 45  63  101 197 148 29  51  87  149 122 58  55  214 38  69  108 20  85  196 53  83  
147 26  140 196 81  70  21  91  67  76  95  102 10  7   113 56  14  217 165 52  72  181 27  73  57  150 193 72  203 128 

Total Distance:   1634.167050
Execution Time:   78.53  sec
Absolute Gap:     0.000000
Relative Gap:     0.000000
============= inst 897 end=============

