============= inst 898 =============
Route:
1  9  27 21 5  23 1  
1  10 2  3  26 7  22 1  
1  12 20 16 11 24 18 1  
1  15 4  25 1  
1  19 17 14 13 8  29 1  
1  28 30 6  1  

Point Location:
105 126 78  105 194 132 110 14  115 149 216 163 31  33  108 186 24  200 24  164 193 99  151 204 88  95  153 170 53  147 
79  180 196 24  21  107 166 12  78  176 190 171 63  79  50  206 115 140 134 202 28  154 44  140 29  174 63  94  36  115 

Total Distance:   1515.695513
Execution Time:   15.63  sec
Absolute Gap:     0.000000
Relative Gap:     0.000000
============= inst 898 end=============

