============= inst 899 =============
Route:
1  7  14 25 1  
1  12 13 5  1  
1  17 16 27 15 11 22 1  
1  19 3  10 24 20 1  
1  29 2  6  9  28 26 1  
1  30 23 18 8  4  21 1  

Point Location:
71  143 48  16  87  170 88  13  150 34  182 95  91  107 169 165 135 30  81  17  13  140 77  34  110 131 171 153 130 85  
94  7   214 63  57  21  120 20  42  189 202 104 67  124 171 135 105 10  127 113 77  211 19  144 124 93  136 76  63  15  

Total Distance:   1451.779184
Execution Time:   6.14  sec
Absolute Gap:     0.000000
Relative Gap:     0.000000
============= inst 899 end=============

