============= inst 9 =============
Route:
1  5  7  13 24 1  
1  16 8  29 1  
1  22 19 15 20 27 1  
1  25 11 4  18 14 9  1  
1  26 3  6  10 30 1  
1  28 2  12 23 17 21 1  

Point Location:
131 15  213 47  148 211 150 83  138 178 11  24  213 145 56  92  32  63  61  77  39  80  32  194 26  204 91  17  79  163 
71  122 152 196 18  175 16  48  159 160 193 130 21  202 176 67  122 215 158 184 98  106 125 64  165 113 144 72  36  107 

Total Distance:   1696.389770
Execution Time:   33.28  sec
Absolute Gap:     0.000000
Relative Gap:     0.000000
============= inst 9 end=============

