============= inst 90 =============
Route:
1  3  14 10 24 4  1  
1  6  7  5  11 26 1  
1  15 19 18 1  
1  17 22 28 9  2  21 1  
1  20 27 16 12 30 13 1  
1  23 8  29 25 1  

Point Location:
128 40  132 155 71  90  78  34  25  123 74  217 160 128 159 214 97  200 197 184 17  83  69  140 35  86  190 60  13  218 
58  135 99  162 125 99  134 45  178 180 110 167 92  160 39  114 148 39  20  78  101 167 34  198 53  87  96  213 44  194 

Total Distance:   1679.498496
Execution Time:   52.20  sec
Absolute Gap:     0.000000
Relative Gap:     0.000000
============= inst 90 end=============

