============= inst 900 =============
Route:
1  9  7  14 29 18 25 1  
1  10 20 16 15 21 3  1  
1  23 17 22 6  5  1  
1  24 26 2  11 19 28 1  
1  27 4  13 1  
1  30 8  12 1  

Point Location:
56  30  172 78  146 194 136 152 116 172 82  156 69  158 217 212 192 195 75  212 190 218 174 11  123 44  17  72  183 149 
140 23  127 190 92  76  8   197 44  197 7   185 175 25  150 175 91  32  29  214 136 65  96  68  75  54  143 60  16  195 

Total Distance:   1920.730181
Execution Time:   44.59  sec
Absolute Gap:     0.000000
Relative Gap:     0.000000
============= inst 900 end=============

