============= inst 901 =============
Route:
1  3  18 29 1  
1  5  30 23 17 1  
1  11 27 7  8  24 1  
1  14 10 9  12 15 13 1  
1  16 19 6  2  22 21 1  
1  28 20 25 26 4  1  

Point Location:
110 151 76  145 86  154 178 111 78  35  149 93  114 56  102 192 62  87  177 213 123 120 16  107 195 173 185 186 95  32  
128 192 173 97  111 188 7   26  203 178 75  196 167 157 173 163 106 147 179 86  173 197 70  79  74  78  24  105 131 58  

Total Distance:   1387.428101
Execution Time:   5.38  sec
Absolute Gap:     0.000000
Relative Gap:     0.000000
============= inst 901 end=============

