============= inst 902 =============
Route:
1  2  18 23 12 1  
1  3  4  16 10 5  6  1  
1  8  11 24 26 30 29 1  
1  13 28 22 1  
1  14 25 7  15 1  
1  19 17 21 20 27 9  1  

Point Location:
103 51  202 206 159 159 143 184 89  203 217 36  121 122 132 211 56  48  78  11  54  92  7   206 153 137 43  126 152 153 
114 200 40  33  96  96  43  147 108 95  166 143 131 29  82  62  57  207 67  21  43  140 208 203 28  207 63  152 166 187 

Total Distance:   1545.243471
Execution Time:   9.44  sec
Absolute Gap:     0.000000
Relative Gap:     0.000000
============= inst 902 end=============

