============= inst 903 =============
Route:
1  14 28 22 23 13 1  
1  15 29 12 4  11 8  1  
1  17 2  18 1  
1  21 10 6  19 1  
1  26 30 16 3  7  1  
1  27 20 25 9  24 5  1  

Point Location:
150 192 50  40  212 141 86  74  213 149 42  56  110 149 99  57  182 197 138 182 163 108 101 204 182 58  172 142 69  36  
120 85  215 20  156 42  177 35  177 7   22  14  177 184 50  178 63  111 57  179 30  204 202 163 189 91  162 198 12  101 

Total Distance:   1516.872459
Execution Time:   13.83  sec
Absolute Gap:     0.000000
Relative Gap:     0.000000
============= inst 903 end=============

