============= inst 904 =============
Route:
1  3  19 14 1  
1  7  4  10 23 9  1  
1  13 24 2  29 30 20 1  
1  21 8  26 1  
1  22 6  17 5  25 16 1  
1  27 15 28 18 11 12 1  

Point Location:
69  79  32  153 162 197 149 21  116 142 148 141 45  64  178 118 183 184 53  97  33  164 138 34  155 91  153 209 95  103 
115 213 136 31  63  104 40  17  61  35  168 170 198 159 142 94  49  158 156 196 37  104 38  205 70  32  145 166 209 214 

Total Distance:   1542.306580
Execution Time:   5.61  sec
Absolute Gap:     0.000000
Relative Gap:     0.000000
============= inst 904 end=============

