============= inst 905 =============
Route:
1  6  21 11 29 27 14 1  
1  10 5  18 4  12 1  
1  23 22 9  1  
1  24 3  2  16 15 8  1  
1  25 20 28 17 7  13 1  
1  30 19 26 1  

Point Location:
109 199 187 170 122 25  207 184 159 119 12  150 151 104 182 198 194 149 87  200 47  168 155 172 173 102 64  202 22  89  
145 18  36  66  70  161 203 88  161 85  52  111 207 84  73  69  177 66  102 161 130 168 179 50  134 127 39  167 51  135 

Total Distance:   1468.436519
Execution Time:   31.84  sec
Absolute Gap:     0.000000
Relative Gap:     0.000000
============= inst 905 end=============

