============= inst 906 =============
Route:
1  2  28 22 21 6  26 1  
1  11 4  5  19 1  
1  12 20 30 1  
1  15 23 17 3  25 14 1  
1  16 24 27 13 1  
1  18 29 7  8  10 9  1  

Point Location:
97  115 101 176 175 122 189 218 190 211 177 106 26  86  127 56  139 154 167 100 164 163 134 43  81  121 17  154 172 87  
129 26  211 86  80  76  194 129 110 118 87  142 144 164 176 105 216 196 81  149 45  43  196 89  205 76  83  30  204 150 

Total Distance:   1318.106355
Execution Time:   41.94  sec
Absolute Gap:     0.000000
Relative Gap:     0.000000
============= inst 906 end=============

