============= inst 907 =============
Route:
1  5  3  29 15 1  
1  10 2  13 30 20 18 1  
1  17 12 4  26 7  1  
1  19 6  14 1  
1  21 8  24 25 28 1  
1  23 11 16 9  27 22 1  

Point Location:
73  163 12  92  33  126 114 38  152 117 129 73  190 117 58  162 47  214 113 210 38  127 114 24  9   90  135 33  18  187 
57  215 9   191 9   85  135 129 84  203 42  204 186 78  58  34  188 115 83  130 105 118 36  136 122 176 115 84  65  138 

Total Distance:   1619.721225
Execution Time:   110.11  sec
Absolute Gap:     0.000000
Relative Gap:     0.000000
============= inst 907 end=============

