============= inst 908 =============
Route:
1  9  18 21 1  
1  10 5  29 27 1  
1  11 6  17 25 15 19 1  
1  12 7  2  4  3  14 1  
1  13 20 30 24 1  
1  28 26 22 8  23 16 1  

Point Location:
87  187 214 213 26  120 178 204 60  91  102 162 55  177 152 171 140 44  133 20  81  217 173 74  166 184 18  145 26  60  
91  179 169 188 15  217 166 116 52  27  175 159 133 117 160 86  204 71  131 136 91  94  87  158 192 12  69  24  33  166 

Total Distance:   1624.985633
Execution Time:   86.45  sec
Absolute Gap:     0.000000
Relative Gap:     0.000000
============= inst 908 end=============

