============= inst 909 =============
Route:
1  7  2  22 1  
1  16 23 5  14 15 30 1  
1  19 25 3  26 12 13 1  
1  24 21 18 17 27 1  
1  28 11 9  10 8  1  
1  29 4  6  20 1  

Point Location:
106 210 18  140 190 204 167 48  16  20  8   31  50  186 202 145 108 123 45  184 127 166 178 132 45  30  84  51  104 168 
134 142 58  204 32  197 123 151 172 165 202 42  62  54  61  38  21  73  105 166 81  140 25  82  91  42  35  208 200 92  

Total Distance:   1600.831096
Execution Time:   6.00  sec
Absolute Gap:     0.000000
Relative Gap:     0.000000
============= inst 909 end=============

