============= inst 91 =============
Route:
1  2  17 15 23 7  19 1  
1  6  8  26 13 20 1  
1  9  16 28 1  
1  10 3  27 30 11 22 1  
1  14 29 18 1  
1  24 25 12 5  21 4  1  

Point Location:
123 75  197 121 105 178 83  212 124 170 151 50  183 190 15  137 64  165 110 174 118 133 53  84  70  187 213 139 196 214 
144 176 92  109 20  177 81  187 217 109 82  18  200 156 99  212 160 146 116 192 19  106 72  48  39  198 21  210 155 9   

Total Distance:   1511.447645
Execution Time:   72.91  sec
Absolute Gap:     0.000000
Relative Gap:     0.000000
============= inst 91 end=============

