============= inst 910 =============
Route:
1  5  4  16 10 9  25 1  
1  13 27 7  2  17 1  
1  18 15 14 1  
1  20 3  19 12 6  23 1  
1  26 28 11 24 30 21 1  
1  29 22 8  1  

Point Location:
105 103 176 49  59  183 102 90  9   12  171 180 89  168 161 33  126 100 209 172 132 98  137 168 59  201 76  213 101 143 
88  211 174 145 158 141 215 31  111 147 12  144 175 60  58  155 197 82  204 162 13  38  113 14  101 39  208 13  59  20  

Total Distance:   1461.879372
Execution Time:   4.56  sec
Absolute Gap:     0.000000
Relative Gap:     0.000000
============= inst 910 end=============

