============= inst 911 =============
Route:
1  2  17 15 26 1  
1  6  18 14 20 21 22 1  
1  10 8  12 23 9  16 1  
1  11 4  29 1  
1  25 19 7  30 1  
1  27 24 3  28 13 5  1  

Point Location:
160 190 38  130 33  156 163 85  105 126 141 66  34  172 212 119 197 165 209 209 195 217 69  69  208 193 68  45  109 149 
91  140 150 118 79  198 52  65  18  78  128 51  88  216 117 8   136 201 51  197 171 159 39  121 61  106 115 95  114 48  

Total Distance:   1386.901170
Execution Time:   55.23  sec
Absolute Gap:     0.000000
Relative Gap:     0.000000
============= inst 911 end=============

