============= inst 912 =============
Route:
1  2  13 22 1  
1  4  29 3  27 18 7  1  
1  5  14 28 16 15 1  
1  10 23 12 20 6  25 1  
1  11 24 9  1  
1  17 8  21 26 30 19 1  

Point Location:
121 92  110 102 173 71  148 42  70  44  86  32  83  193 129 134 65  184 60  54  27  90  64  71  81  34  179 172 106 52  
86  46  217 150 59  204 159 74  110 110 81  168 34  107 95  112 68  193 15  208 62  11  141 104 157 13  216 134 192 23  

Total Distance:   1496.378610
Execution Time:   30.69  sec
Absolute Gap:     0.000000
Relative Gap:     0.000000
============= inst 912 end=============

