============= inst 913 =============
Route:
1  11 26 14 1  
1  17 13 3  1  
1  21 8  24 12 20 9  1  
1  22 7  30 23 4  28 1  
1  25 6  5  16 19 1  
1  29 2  27 10 15 18 1  

Point Location:
127 27  185 213 48  33  161 70  101 22  112 67  196 98  25  49  127 73  92  132 95  166 192 59  18  100 16  186 52  154 
154 172 163 39  55  68  73  48  45  216 215 18  143 189 203 78  122 164 113 13  85  95  38  44  78  199 202 107 150 66  

Total Distance:   1614.373310
Execution Time:   85.70  sec
Absolute Gap:     0.000000
Relative Gap:     0.000000
============= inst 913 end=============

