============= inst 914 =============
Route:
1  7  29 19 2  28 14 1  
1  21 6  17 12 15 1  
1  22 13 4  30 27 23 1  
1  24 10 3  5  16 18 1  
1  25 8  9  1  
1  26 11 20 1  

Point Location:
79  159 202 164 181 18  123 136 120 206 15  39  153 92  68  163 29  161 161 46  19  122 134 149 133 106 152 98  127 159 
80  214 179 14  184 175 157 130 143 108 54  191 7   214 155 147 175 147 185 77  159 20  54  54  107 32  33  216 159 33  

Total Distance:   1664.466646
Execution Time:   33.83  sec
Absolute Gap:     0.000000
Relative Gap:     0.000000
============= inst 914 end=============

