============= inst 915 =============
Route:
1  2  3  25 17 12 19 1  
1  8  14 22 29 1  
1  9  16 24 1  
1  13 28 20 5  4  21 1  
1  23 10 26 6  1  
1  30 15 11 7  18 27 1  

Point Location:
133 199 196 63  36  162 41  134 140 206 47  213 35  134 53  119 213 22  211 27  80  113 166 124 200 204 93  24  119 123 
140 85  74  193 196 163 33  201 63  203 55  98  153 214 70  71  29  116 136 155 200 213 205 79  60  181 136 145 201 134 

Total Distance:   1525.371056
Execution Time:   10.89  sec
Absolute Gap:     0.000000
Relative Gap:     0.000000
============= inst 915 end=============

