============= inst 916 =============
Route:
1  4  14 7  27 25 29 1  
1  5  6  30 1  
1  10 22 17 18 16 1  
1  15 11 20 9  2  8  1  
1  26 24 3  19 23 21 1  
1  28 12 13 1  

Point Location:
100 37  80  89  185 197 48  55  11  68  9   149 132 73  62  100 62  90  95  17  105 60  119 73  34  71  29  145 67  213 
90  32  214 125 171 168 146 66  32  35  71  31  23  146 86  63  7   9   217 60  125 25  201 195 100 193 130 37  97  130 

Total Distance:   1413.268046
Execution Time:   8.33  sec
Absolute Gap:     0.000000
Relative Gap:     0.000000
============= inst 916 end=============

