============= inst 917 =============
Route:
1  12 18 9  1  
1  20 10 21 5  26 3  1  
1  23 6  7  19 29 1  
1  24 8  2  4  16 25 1  
1  27 28 14 1  
1  30 17 22 15 13 11 1  

Point Location:
86  217 156 199 190 27  7   206 43  165 151 71  186 85  185 179 169 24  49  129 185 192 14  152 128 183 73  74  54  141 
115 130 14  180 29  76  45  104 163 68  146 98  130 70  125 217 122 192 8   90  60  118 89  92  156 32  93  79  62  109 

Total Distance:   1559.344378
Execution Time:   39.38  sec
Absolute Gap:     0.000000
Relative Gap:     0.000000
============= inst 917 end=============

