============= inst 918 =============
Route:
1  4  11 9  6  16 25 1  
1  17 21 27 28 8  22 1  
1  18 12 19 3  15 1  
1  20 14 23 1  
1  29 24 2  26 10 7  1  
1  30 5  13 1  

Point Location:
95  7   128 196 172 200 73  9   214 87  202 209 154 88  73  177 44  160 154 74  50  14  90  14  153 26  30  19  27  139 
118 43  175 75  79  8   48  202 77  38  78  204 94  58  170 41  168 125 164 64  181 160 61  51  55  7   192 195 45  94  

Total Distance:   1616.461639
Execution Time:   30.69  sec
Absolute Gap:     0.000000
Relative Gap:     0.000000
============= inst 918 end=============

