============= inst 919 =============
Route:
1  3  7  19 18 4  1  
1  5  6  2  13 25 17 1  
1  21 28 22 16 15 1  
1  23 9  24 8  1  
1  29 26 10 1  
1  30 11 14 20 27 12 1  

Point Location:
122 135 48  68  142 140 37  157 173 55  20  58  128 32  141 147 130 18  21  27  184 169 148 212 120 86  33  191 90  12  
114 215 194 122 179 190 176 99  19  70  63  25  218 49  138 168 166 151 180 44  151 165 63  28  196 42  13  190 39  73  

Total Distance:   1545.460734
Execution Time:   36.97  sec
Absolute Gap:     0.000000
Relative Gap:     0.000000
============= inst 919 end=============

