============= inst 92 =============
Route:
1  11 27 29 10 6  1  
1  14 25 17 22 9  3  1  
1  19 7  8  15 16 1  
1  23 26 4  1  
1  28 21 18 5  1  
1  30 20 13 12 24 2  1  

Point Location:
111 65  145 93  70  135 174 212 170 134 102 39  51  155 209 141 195 52  151 73  12  180 98  25  205 89  131 57  145 84  
109 92  77  63  169 57  210 202 65  54  60  59  57  97  182 137 48  178 215 38  187 57  95  75  99  76  27  149 17  49  

Total Distance:   1380.167429
Execution Time:   2.61  sec
Absolute Gap:     0.000000
Relative Gap:     0.000000
============= inst 92 end=============

