============= inst 920 =============
Route:
1  10 9  16 13 26 15 1  
1  11 7  8  25 5  29 1  
1  17 18 4  23 20 3  1  
1  19 30 21 1  
1  24 14 6  1  
1  28 2  12 22 27 1  

Point Location:
106 80  93  204 45  87  7   34  177 148 54  55  208 110 149 199 194 207 93  126 105 43  185 109 41  171 63  88  80  89  
135 174 46  8   37  163 65  28  120 102 106 191 193 171 143 170 98  64  96  14  93  203 9   143 40  171 168 173 16  63  

Total Distance:   1477.527392
Execution Time:   74.44  sec
Absolute Gap:     0.000000
Relative Gap:     0.000000
============= inst 920 end=============

