============= inst 921 =============
Route:
1  2  13 12 26 23 1  
1  6  22 29 9  1  
1  11 16 5  7  17 21 1  
1  14 4  8  1  
1  15 19 24 27 3  28 1  
1  18 20 10 25 30 1  

Point Location:
101 213 23  130 114 188 81  140 187 113 121 207 213 115 58  130 79  101 48  100 96  194 148 60  129 159 28  11  196 133 
90  140 211 53  202 66  185 56  104 17  140 194 161 42  140 150 172 43  163 26  141 62  127 187 13  142 201 118 94  17  

Total Distance:   1479.545287
Execution Time:   7.03  sec
Absolute Gap:     0.000000
Relative Gap:     0.000000
============= inst 921 end=============

