============= inst 922 =============
Route:
1  5  17 21 12 30 6  1  
1  7  10 4  25 28 9  1  
1  11 23 29 3  16 19 1  
1  13 22 26 1  
1  20 8  2  1  
1  27 14 24 15 18 1  

Point Location:
98  7   211 120 174 98  121 10  26  122 215 174 117 150 116 171 186 107 162 50  169 87  195 144 114 96  141 20  207 124 
144 203 58  7   158 188 49  198 82  47  139 195 155 111 81  81  166 106 94  158 171 153 113 69  16  149 108 72  98  216 

Total Distance:   1481.991029
Execution Time:   78.06  sec
Absolute Gap:     0.000000
Relative Gap:     0.000000
============= inst 922 end=============

