============= inst 923 =============
Route:
1  8  20 13 6  4  29 1  
1  21 18 15 1  
1  22 3  28 9  19 2  1  
1  24 17 11 14 23 1  
1  25 26 10 1  
1  30 27 5  16 12 7  1  

Point Location:
103 95  134 23  211 15  176 82  98  86  195 201 17  186 58  202 217 25  100 53  13  140 146 130 100 76  184 134 47  131 
129 66  25  93  38  95  18  104 24  126 154 15  52  130 142 33  206 167 47  44  200 55  134 162 154 141 77  21  124 108 

Total Distance:   1504.240883
Execution Time:   14.25  sec
Absolute Gap:     0.000000
Relative Gap:     0.000000
============= inst 923 end=============

