============= inst 924 =============
Route:
1  3  19 26 1  
1  9  16 4  14 5  22 1  
1  13 2  11 20 25 1  
1  21 23 24 6  7  18 1  
1  28 30 27 17 12 8  1  
1  29 10 15 1  

Point Location:
127 10  142 106 48  190 164 189 142 94  48  191 41  71  94  131 213 137 153 67  171 83  207 215 70  151 210 191 124 186 
100 49  123 193 202 191 181 119 173 85  7   124 137 208 92  209 112 153 140 22  134 159 181 189 47  135 109 27  55  52  

Total Distance:   1483.386173
Execution Time:   5.23  sec
Absolute Gap:     0.000000
Relative Gap:     0.000000
============= inst 924 end=============

