============= inst 925 =============
Route:
1  2  8  15 30 17 1  
1  3  22 14 25 21 28 1  
1  7  5  26 9  6  20 1  
1  11 18 27 1  
1  12 19 10 1  
1  13 4  16 23 24 29 1  

Point Location:
119 50  170 39  90  137 101 18  120 164 132 140 55  186 8   15  59  136 143 143 214 191 30  47  199 85  122 205 79  17  
67  50  192 136 158 210 146 73  195 136 54  115 123 151 55  129 7   14  123 187 104 206 140 162 139 175 43  44  136 9   

Total Distance:   1630.954895
Execution Time:   5.53  sec
Absolute Gap:     0.000000
Relative Gap:     0.000000
============= inst 925 end=============

