============= inst 926 =============
Route:
1  4  25 6  1  
1  11 10 7  15 20 18 1  
1  13 12 16 1  
1  26 3  24 2  17 22 1  
1  27 28 9  23 19 1  
1  29 5  8  14 21 30 1  

Point Location:
123 44  18  100 55  88  34  92  211 44  38  174 140 135 34  163 55  43  160 19  139 84  176 23  59  31  207 217 90  139 
56  159 141 42  210 48  54  206 167 47  26  78  43  191 58  98  162 72  125 86  168 104 148 179 48  113 114 135 122 142 

Total Distance:   1590.230810
Execution Time:   23.66  sec
Absolute Gap:     0.000000
Relative Gap:     0.000000
============= inst 926 end=============

