============= inst 927 =============
Route:
1  4  12 23 26 25 9  1  
1  13 7  29 1  
1  17 14 6  27 5  22 1  
1  18 11 8  15 16 1  
1  19 21 28 3  2  1  
1  30 10 20 24 1  

Point Location:
88  29  20  124 163 205 95  153 119 16  204 127 95  169 141 118 169 204 98  50  61  133 130 96  150 138 198 50  118 39  
134 69  49  81  81  23  129 182 15  189 183 42  130 38  192 184 65  167 72  210 14  110 38  207 16  22  68  22  141 181 

Total Distance:   1540.211977
Execution Time:   45.17  sec
Absolute Gap:     0.000000
Relative Gap:     0.000000
============= inst 927 end=============

