============= inst 928 =============
Route:
1  4  21 6  10 5  7  1  
1  12 28 25 3  26 27 1  
1  15 14 19 11 1  
1  18 17 30 13 9  8  1  
1  22 16 2  1  
1  29 23 24 20 1  

Point Location:
105 118 192 40  85  28  120 190 196 67  27  149 204 24  51  129 157 133 9   63  42  119 73  38  170 166 164 167 85  164 
114 166 174 80  50  19  52  114 99  10  150 202 39  126 116 173 66  67  124 154 55  146 192 202 214 155 124 205 201 36  

Total Distance:   1524.652483
Execution Time:   2.72  sec
Absolute Gap:     0.000000
Relative Gap:     0.000000
============= inst 928 end=============

