============= inst 929 =============
Route:
1  11 3  5  19 21 1  
1  12 15 26 1  
1  16 7  4  20 27 29 1  
1  18 25 14 9  17 2  1  
1  22 23 10 1  
1  24 6  13 30 28 8  1  

Point Location:
127 181 211 14  218 137 61  105 201 129 186 87  115 208 48  63  197 164 209 12  179 145 145 130 168 77  62  83  78  77  
144 132 190 58  208 45  105 94  102 162 157 184 51  10  175 129 138 82  218 32  204 162 211 88  56  138 54  58  76  48  

Total Distance:   1562.573106
Execution Time:   6.34  sec
Absolute Gap:     0.000000
Relative Gap:     0.000000
============= inst 929 end=============

