============= inst 93 =============
Route:
1  4  23 12 7  15 30 1  
1  16 3  11 1  
1  19 10 8  17 21 25 1  
1  22 28 29 9  14 2  1  
1  26 24 20 6  13 1  
1  27 5  18 1  

Point Location:
112 65  95  133 17  194 188 25  44  9   132 157 167 52  211 109 20  44  78  193 16  82  142 182 16  174 17  69  64  200 
135 113 163 30  194 119 8   41  62  15  151 12  112 108 66  132 67  202 8   126 85  85  11  152 124 169 174 59  49  84  

Total Distance:   1567.809633
Execution Time:   25.78  sec
Absolute Gap:     0.000000
Relative Gap:     0.000000
============= inst 93 end=============

