============= inst 930 =============
Route:
1  5  24 22 11 14 1  
1  7  23 6  12 3  19 1  
1  8  30 27 2  26 20 1  
1  10 21 18 15 4  16 1  
1  28 13 9  1  
1  29 17 25 1  

Point Location:
55  210 47  137 72  50  9   174 76  114 149 49  73  124 190 69  14  136 71  158 120 139 26  121 61  165 190 43  16  197 
148 122 82  13  167 9   103 193 194 116 202 44  218 177 12  83  159 52  98  134 83  209 52  202 169 134 172 214 147 200 

Total Distance:   1653.704232
Execution Time:   90.64  sec
Absolute Gap:     0.000000
Relative Gap:     0.000000
============= inst 930 end=============

