============= inst 931 =============
Route:
1  8  15 25 20 7  12 1  
1  10 17 6  2  1  
1  11 30 23 1  
1  21 27 9  29 26 1  
1  22 28 19 14 4  1  
1  24 16 5  3  13 18 1  

Point Location:
119 144 47  36  49  126 208 136 204 130 158 169 52  16  155 68  130 18  38  191 169 47  145 115 169 195 213 32  218 155 
77  28  196 63  204 9   187 169 72  46  46  159 168 32  166 165 38  126 11  192 115 44  44  85  193 51  104 33  42  44  

Total Distance:   1483.494570
Execution Time:   30.52  sec
Absolute Gap:     0.000000
Relative Gap:     0.000000
============= inst 931 end=============

