============= inst 932 =============
Route:
1  3  9  21 1  
1  5  7  10 15 29 24 1  
1  14 12 4  6  28 1  
1  16 27 13 1  
1  17 2  11 19 23 8  1  
1  20 26 30 25 22 18 1  

Point Location:
110 74  71  8   130 20  157 57  44  156 87  28  124 42  201 134 117 160 33  122 107 198 44  217 194 139 143 17  215 159 
93  176 53  140 67  73  46  161 11  35  202 128 112 115 32  108 131 165 210 190 24  187 164 103 214 194 138 56  36  211 

Total Distance:   1632.977143
Execution Time:   38.63  sec
Absolute Gap:     0.000000
Relative Gap:     0.000000
============= inst 932 end=============

