============= inst 933 =============
Route:
1  6  20 22 29 30 18 1  
1  13 16 23 5  2  17 1  
1  14 12 11 1  
1  25 3  4  7  9  1  
1  26 15 19 1  
1  27 21 10 28 24 8  1  

Point Location:
125 201 169 208 187 88  180 76  192 70  104 130 152 134 68  136 177 56  106 64  117 14  151 68  152 73  127 50  9   43  
131 91  211 204 23  129 165 147 136 200 146 149 53  125 14  44  80  64  71  117 195 107 31  167 191 46  197 174 102 69  

Total Distance:   1483.269634
Execution Time:   41.45  sec
Absolute Gap:     0.000000
Relative Gap:     0.000000
============= inst 933 end=============

