============= inst 934 =============
Route:
1  7  9  16 2  4  24 1  
1  8  28 15 26 13 17 1  
1  10 6  21 5  23 22 1  
1  11 12 14 1  
1  18 25 19 29 1  
1  27 20 3  30 1  

Point Location:
150 180 214 215 125 100 146 42  156 124 88  76  64  98  30  166 85  134 116 208 108 147 120 207 136 37  177 14  77  195 
151 58  130 58  17  60  67  140 28  110 155 143 46  140 75  36  83  184 216 108 19  97  34  80  203 7   113 158 215 187 

Total Distance:   1683.438256
Execution Time:   45.06  sec
Absolute Gap:     0.000000
Relative Gap:     0.000000
============= inst 934 end=============

