============= inst 935 =============
Route:
1  3  23 15 1  
1  12 24 4  7  30 5  1  
1  13 21 9  14 26 6  1  
1  16 11 2  19 18 22 1  
1  25 8  27 17 28 1  
1  29 20 10 1  

Point Location:
78  171 33  209 121 113 146 134 55  41  104 154 27  66  41  89  163 140 151 46  10  137 11  210 115 74  159 105 80  128 
135 206 165 8   41  51  31  97  50  186 203 62  117 11  127 210 133 186 194 193 48  162 177 13  103 13  117 137 162 19  

Total Distance:   1572.441238
Execution Time:   28.02  sec
Absolute Gap:     0.000000
Relative Gap:     0.000000
============= inst 935 end=============

