============= inst 936 =============
Route:
1  4  9  24 10 25 1  
1  11 14 6  15 17 19 1  
1  13 22 8  5  30 20 1  
1  21 3  7  1  
1  27 16 12 26 23 2  1  
1  28 18 29 1  

Point Location:
130 70  205 192 12  198 211 42  193 158 174 49  51  201 169 60  156 138 138 83  179 54  69  198 141 50  77  143 95  58  
116 52  90  67  83  203 132 130 61  44  193 20  190 199 218 20  195 128 171 97  89  150 45  24  83  21  21  124 139 100 

Total Distance:   1441.367701
Execution Time:   12.17  sec
Absolute Gap:     0.000000
Relative Gap:     0.000000
============= inst 936 end=============

