============= inst 937 =============
Route:
1  5  27 24 8  19 28 1  
1  6  30 16 26 14 7  1  
1  10 2  9  22 20 13 1  
1  11 3  29 4  1  
1  18 17 12 1  
1  21 23 25 15 1  

Point Location:
115 94  213 199 69  131 141 25  70  86  204 149 71  171 101 191 198 201 32  37  116 67  113 18  106 204 54  59  209 146 
81  207 135 121 71  144 138 57  207 131 146 77  116 169 50  217 65  25  95  187 55  217 31  19  16  207 75  106 131 218 

Total Distance:   1600.817310
Execution Time:   110.05  sec
Absolute Gap:     0.000000
Relative Gap:     0.000000
============= inst 937 end=============

