============= inst 938 =============
Route:
1  4  8  9  28 19 14 1  
1  15 26 23 3  11 22 1  
1  16 2  24 1  
1  17 5  10 21 18 20 1  
1  25 30 6  7  13 1  
1  27 29 12 1  

Point Location:
69  17  133 153 64  200 211 174 203 73  193 81  164 53  105 75  69  9   117 22  44  196 130 16  134 123 76  209 84  150 
63  86  193 57  134 109 117 52  29  166 198 106 100 8   165 72  125 176 15  142 169 156 179 78  79  164 115 11  111 78  

Total Distance:   1643.884543
Execution Time:   25.86  sec
Absolute Gap:     0.000000
Relative Gap:     0.000000
============= inst 938 end=============

