============= inst 939 =============
Route:
1  5  18 29 6  1  
1  7  16 28 27 19 24 1  
1  12 4  11 9  10 3  1  
1  20 26 17 13 21 22 1  
1  25 23 15 8  1  
1  30 14 2  1  

Point Location:
63  31  75  110 45  13  152 72  67  63  122 100 154 20  104 211 173 46  162 81  138 111 115 142 119 143 184 217 8   40  
120 110 190 165 154 141 110 115 215 218 173 167 57  84  98  133 53  171 191 14  57  74  97  182 101 11  192 201 199 108 

Total Distance:   1471.322758
Execution Time:   36.95  sec
Absolute Gap:     0.000000
Relative Gap:     0.000000
============= inst 939 end=============

