============= inst 94 =============
Route:
1  4  13 20 1  
1  10 16 23 30 1  
1  11 22 9  8  27 29 1  
1  19 17 2  26 1  
1  21 3  6  18 5  12 1  
1  25 15 14 24 7  28 1  

Point Location:
100 19  184 138 164 205 75  165 192 98  117 145 106 45  54  94  10  166 20  98  122 136 99  24  67  22  161 80  145 109 
76  88  28  85  87  109 175 153 187 115 188 105 63  140 126 121 90  96  36  68  8   204 136 196 96  91  124 133 114 131 

Total Distance:   1464.828615
Execution Time:   6.22  sec
Absolute Gap:     0.000000
Relative Gap:     0.000000
============= inst 94 end=============

