============= inst 940 =============
Route:
1  7  8  15 22 17 20 1  
1  11 14 12 2  19 25 1  
1  13 10 24 21 9  1  
1  26 23 16 1  
1  28 30 6  27 5  3  1  
1  29 4  18 1  

Point Location:
124 194 43  183 34  18  85  57  203 157 185 183 140 187 52  124 58  164 155 70  206 30  153 216 138 109 17  109 181 93  
128 36  111 160 76  37  209 209 119 210 107 80  189 94  185 138 125 151 41  145 171 167 106 197 72  107 38  65  167 12  

Total Distance:   1508.826725
Execution Time:   8.42  sec
Absolute Gap:     0.000000
Relative Gap:     0.000000
============= inst 940 end=============

