============= inst 941 =============
Route:
1  4  8  20 18 12 1  
1  5  6  15 9  7  21 1  
1  11 2  3  23 26 30 1  
1  14 13 27 1  
1  16 28 17 25 10 24 1  
1  29 19 22 1  

Point Location:
139 169 184 116 74  47  49  131 31  104 152 159 103 101 19  83  23  170 172 156 75  188 187 135 69  208 113 25  148 167 
112 35  33  173 199 207 160 212 193 11  28  149 154 112 218 106 48  168 130 170 145 118 28  39  26  52  134 121 119 64  

Total Distance:   1459.570882
Execution Time:   10.34  sec
Absolute Gap:     0.000000
Relative Gap:     0.000000
============= inst 941 end=============

