============= inst 942 =============
Route:
1  15 7  13 29 30 9  1  
1  18 3  19 2  26 16 1  
1  20 6  17 1  
1  22 14 5  28 12 1  
1  23 27 21 11 4  8  1  
1  25 10 24 1  

Point Location:
101 207 148 172 42  163 13  131 84  71  215 15  9   49  61  201 171 138 202 151 211 64  178 75  85  214 196 22  55  86  
146 40  12  192 119 148 45  191 40  196 156 181 11  134 101 100 140 33  32  149 144 123 128 161 211 46  108 120 40  14  

Total Distance:   1638.692481
Execution Time:   16.08  sec
Absolute Gap:     0.000000
Relative Gap:     0.000000
============= inst 942 end=============

