============= inst 943 =============
Route:
1  2  7  16 23 29 27 1  
1  3  13 15 4  19 1  
1  11 12 18 8  26 1  
1  14 21 9  1  
1  17 30 5  28 22 6  1  
1  24 10 25 20 1  

Point Location:
96  12  191 136 189 135 9   32  119 98  119 93  186 115 175 14  130 42  135 71  135 208 21  113 84  78  51  209 29  147 
94  77  78  17  190 213 111 25  94  171 20  7   55  89  38  158 137 20  37  191 91  209 172 162 177 59  171 209 212 162 

Total Distance:   1563.267646
Execution Time:   12.69  sec
Absolute Gap:     0.000000
Relative Gap:     0.000000
============= inst 943 end=============

