============= inst 944 =============
Route:
1  10 30 29 1  
1  11 2  16 1  
1  15 23 27 14 17 1  
1  19 24 9  4  20 12 1  
1  22 26 3  7  21 18 1  
1  25 28 8  6  5  13 1  

Point Location:
112 182 24  12  165 183 24  214 30  184 183 57  143 83  93  156 90  77  48  37  45  25  75  32  190 10  62  206 115 165 
145 86  160 18  42  25  176 89  25  216 101 34  38  96  57  94  101 197 84  15  181 132 21  34  121 154 49  91  158 213 

Total Distance:   1637.016139
Execution Time:   15.11  sec
Absolute Gap:     0.000000
Relative Gap:     0.000000
============= inst 944 end=============

