============= inst 945 =============
Route:
1  5  14 2  1  
1  7  29 27 8  6  25 1  
1  9  19 3  30 17 16 1  
1  13 22 21 1  
1  20 26 28 15 11 1  
1  23 4  10 18 24 12 1  

Point Location:
101 78  30  169 61  166 137 189 64  175 64  195 93  25  75  72  30  213 48  97  122 84  131 212 143 100 201 97  171 13  
136 197 112 65  179 151 116 174 101 41  74  60  183 207 69  136 146 8   85  70  202 202 97  32  146 48  180 10  133 137 

Total Distance:   1499.984931
Execution Time:   4.23  sec
Absolute Gap:     0.000000
Relative Gap:     0.000000
============= inst 945 end=============

