============= inst 946 =============
Route:
1  8  12 22 11 27 24 1  
1  10 16 2  30 6  29 1  
1  14 9  17 1  
1  19 15 28 3  26 13 1  
1  21 18 5  7  23 1  
1  25 20 4  1  

Point Location:
91  71  188 84  32  116 37  136 16  90  94  133 147 64  180 95  7   25  150 81  56  130 64  88  74  200 83  188 121 117 
98  14  160 126 182 39  166 154 45  73  194 169 114 70  189 49  99  216 198 129 170 168 125 155 109 108 163 165 49  24  

Total Distance:   1380.091504
Execution Time:   46.67  sec
Absolute Gap:     0.000000
Relative Gap:     0.000000
============= inst 946 end=============

