============= inst 947 =============
Route:
1  9  25 26 1  
1  18 4  13 5  14 23 1  
1  19 6  3  15 22 1  
1  24 11 7  1  
1  28 8  21 12 20 16 1  
1  29 17 2  30 27 10 1  

Point Location:
156 101 80  123 203 89  168 18  191 159 136 20  179 179 80  69  81  141 95  33  9   85  175 135 203 203 131 11  117 103 
76  26  117 199 191 116 57  72  91  31  54  24  217 131 141 49  43  102 92  29  43  136 111 64  71  8   7   117 58  25  

Total Distance:   1484.972563
Execution Time:   107.48  sec
Absolute Gap:     0.000000
Relative Gap:     0.000000
============= inst 947 end=============

