============= inst 948 =============
Route:
1  5  26 12 19 9  4  1  
1  13 11 7  8  24 21 1  
1  15 2  6  1  
1  17 27 28 30 23 10 1  
1  22 14 18 1  
1  29 16 3  20 25 1  

Point Location:
138 212 128 60  98  216 200 192 29  75  207 18  211 102 161 133 65  104 21  51  175 128 64  175 78  11  8   38  161 47  
78  15  196 74  30  29  167 168 94  128 158 73  149 153 7   191 100 105 98  209 131 149 144 153 148 51  116 129 172 141 

Total Distance:   1661.961783
Execution Time:   8.92  sec
Absolute Gap:     0.000000
Relative Gap:     0.000000
============= inst 948 end=============

