============= inst 949 =============
Route:
1  3  27 19 1  
1  4  29 15 2  13 11 1  
1  8  30 28 6  21 5  1  
1  14 17 25 22 9  23 1  
1  16 12 26 1  
1  24 7  10 18 20 1  

Point Location:
92  108 60  170 76  78  195 13  154 213 110 80  114 198 144 79  202 195 9   190 84  202 130 164 217 111 23  54  165 15  
61  193 40  165 165 196 149 152 19  141 134 20  134 60  195 46  60  104 51  107 184 21  31  132 76  51  33  180 215 160 

Total Distance:   1641.636142
Execution Time:   29.94  sec
Absolute Gap:     0.000000
Relative Gap:     0.000000
============= inst 949 end=============

