============= inst 95 =============
Route:
1  6  23 17 12 7  27 1  
1  11 9  3  4  2  1  
1  14 5  30 18 29 28 1  
1  16 25 8  1  
1  19 22 20 10 15 1  
1  24 21 13 26 1  

Point Location:
114 131 187 151 29  113 11  100 199 16  207 45  85  50  27  98  65  28  112 57  81  125 123 96  88  87  66  45  33  10  
114 166 160 168 64  48  20  97  155 214 123 16  130 66  121 100 31  87  169 201 153 212 33  144 89  126 49  90  79  82  

Total Distance:   1415.303208
Execution Time:   75.38  sec
Absolute Gap:     0.000000
Relative Gap:     0.000000
============= inst 95 end=============

