============= inst 950 =============
Route:
1  8  16 2  22 1  
1  13 14 11 5  18 15 1  
1  19 3  4  20 1  
1  21 24 29 12 23 10 1  
1  25 9  30 7  28 6  1  
1  27 26 17 1  

Point Location:
97  94  211 207 55  45  16  116 31  174 54  179 89  42  60  96  165 58  184 183 103 53  191 113 41  171 161 9   138 22  
116 36  84  35  207 70  91  10  127 135 197 203 120 156 185 25  105 188 95  66  177 48  177 188 111 105 102 61  188 121 

Total Distance:   1498.888150
Execution Time:   46.72  sec
Absolute Gap:     0.000000
Relative Gap:     0.000000
============= inst 950 end=============

