============= inst 951 =============
Route:
1  7  3  21 1  
1  9  15 4  26 2  18 1  
1  11 27 28 1  
1  17 13 8  20 23 1  
1  19 24 16 6  30 5  1  
1  25 12 14 22 29 10 1  

Point Location:
138 109 88  73  164 203 77  93  79  72  184 17  111 16  88  215 141 105 172 80  123 41  74  190 12  47  142 134 65  187 
125 49  104 57  158 160 119 215 82  137 13  163 186 140 73  147 184 68  109 172 103 121 157 104 188 19  75  97  134 175 

Total Distance:   1491.984701
Execution Time:   8.44  sec
Absolute Gap:     0.000000
Relative Gap:     0.000000
============= inst 951 end=============

