============= inst 952 =============
Route:
1  2  29 24 13 12 1  
1  5  25 21 4  1  
1  6  27 9  22 14 11 1  
1  17 10 19 20 3  1  
1  18 15 26 28 30 16 1  
1  23 8  7  1  

Point Location:
131 171 67  185 129 67  135 127 16  107 41  192 213 28  99  111 117 109 87  88  218 15  116 205 170 37  59  37  174 61  
87  46  44  168 117 59  91  62  39  20  112 67  60  80  208 98  41  157 10  19  190 49  54  31  179 214 53  197 43  180 

Total Distance:   1449.539504
Execution Time:   44.06  sec
Absolute Gap:     0.000000
Relative Gap:     0.000000
============= inst 952 end=============

