============= inst 953 =============
Route:
1  4  26 9  1  
1  5  20 14 29 2  30 1  
1  8  13 12 7  21 6  1  
1  10 17 16 24 11 25 1  
1  15 27 19 22 18 1  
1  23 28 3  1  

Point Location:
61  161 35  97  115 44  34  111 110 153 202 78  109 187 72  202 170 12  49  179 36  22  31  217 165 124 64  29  171 144 
114 191 143 99  139 74  12  86  134 90  40  24  9   155 170 88  96  144 211 158 74  171 161 79  45  116 189 160 205 176 

Total Distance:   1526.595341
Execution Time:   10.14  sec
Absolute Gap:     0.000000
Relative Gap:     0.000000
============= inst 953 end=============

