============= inst 954 =============
Route:
1  5  30 27 1  
1  9  18 26 16 23 1  
1  10 7  6  12 2  21 1  
1  14 24 17 8  29 15 1  
1  19 22 4  20 1  
1  28 11 13 3  25 1  

Point Location:
151 12  109 153 174 31  51  138 18  97  80  13  103 168 122 79  190 26  98  143 24  111 91  213 119 40  212 108 128 182 
113 177 49  212 158 200 190 21  78  161 29  204 17  79  49  116 20  91  195 180 161 196 114 51  60  112 161 66  38  192 

Total Distance:   1631.992056
Execution Time:   11.89  sec
Absolute Gap:     0.000000
Relative Gap:     0.000000
============= inst 954 end=============

