============= inst 955 =============
Route:
1  8  15 4  12 27 1  
1  11 7  20 13 22 18 1  
1  16 19 6  10 9  29 1  
1  17 30 21 1  
1  24 14 23 1  
1  25 2  28 3  5  26 1  

Point Location:
96  36  12  23  25  156 159 17  214 162 144 49  183 133 8   123 116 169 147 203 132 177 130 114 73  31  55  17  148 120 
94  46  21  153 46  171 61  83  190 208 57  181 115 104 88  157 49  137 171 93  35  130 129 87  73  53  190 26  144 46  

Total Distance:   1416.658737
Execution Time:   11.42  sec
Absolute Gap:     0.000000
Relative Gap:     0.000000
============= inst 955 end=============

