============= inst 956 =============
Route:
1  6  4  20 21 1  
1  7  26 23 27 15 14 1  
1  10 8  25 5  2  19 1  
1  11 28 22 9  3  16 1  
1  17 24 30 13 1  
1  29 12 18 1  

Point Location:
113 165 12  27  176 79  73  146 89  122 87  128 163 56  34  19  194 106 213 18  99  126 46  194 158 78  28  101 143 196 
60  133 210 44  158 58  106 174 215 148 183 131 61  103 110 190 13  113 113 25  53  213 119 18  197 114 116 190 116 30  

Total Distance:   1663.420052
Execution Time:   37.75  sec
Absolute Gap:     0.000000
Relative Gap:     0.000000
============= inst 956 end=============

