============= inst 957 =============
Route:
1  11 14 8  5  6  1  
1  18 21 15 23 3  7  1  
1  20 2  29 19 13 30 1  
1  24 9  12 1  
1  25 26 16 27 4  10 1  
1  28 17 22 1  

Point Location:
132 209 58  157 115 134 58  80  91  157 69  136 139 68  13  215 203 53  164 186 27  204 38  85  184 207 216 173 180 139 
85  211 23  7   166 122 21  184 92  24  175 85  213 190 62  18  153 119 194 187 102 126 42  89  93  83  13  170 206 208 

Total Distance:   1571.872648
Execution Time:   23.56  sec
Absolute Gap:     0.000000
Relative Gap:     0.000000
============= inst 957 end=============

