============= inst 958 =============
Route:
1  8  14 10 1  
1  17 22 6  1  
1  21 16 15 25 3  13 1  
1  26 4  29 19 27 5  1  
1  28 9  24 11 23 1  
1  30 2  7  18 12 20 1  

Point Location:
102 47  183 200 146 83  34  48  26  60  76  13  185 40  202 158 110 11  203 57  114 87  104 71  202 176 148 61  209 93  
152 49  116 180 191 143 39  152 214 131 213 44  160 145 94  66  159 31  213 90  108 148 189 213 119 183 191 194 191 43  

Total Distance:   1364.153290
Execution Time:   14.11  sec
Absolute Gap:     0.000000
Relative Gap:     0.000000
============= inst 958 end=============

