============= inst 959 =============
Route:
1  3  23 27 8  10 19 1  
1  5  28 2  7  16 24 1  
1  6  14 30 11 29 1  
1  9  4  21 1  
1  13 20 25 26 17 22 1  
1  18 12 15 1  

Point Location:
132 191 47  217 178 68  157 69  183 62  18  119 39  45  85  103 24  123 74  17  141 57  45  103 12  15  15  217 38  29  
161 45  75  139 66  208 44  12  147 28  174 191 141 216 165 53  83  203 60  146 166 101 64  85  133 122 29  58  160 180 

Total Distance:   1694.570967
Execution Time:   35.80  sec
Absolute Gap:     0.000000
Relative Gap:     0.000000
============= inst 959 end=============

