============= inst 96 =============
Route:
1  5  10 16 3  13 27 1  
1  7  2  21 24 25 14 1  
1  15 22 20 11 1  
1  23 8  18 1  
1  26 12 6  17 9  1  
1  30 28 4  29 19 1  

Point Location:
113 31  86  180 79  112 32  129 116 82  190 79  103 57  170 64  118 119 192 205 17  214 141 22  51  83  97  167 201 140 
118 167 209 187 179 35  168 137 91  185 15  27  207 90  119 198 79  147 161 54  124 103 136 122 116 67  193 205 177 212 

Total Distance:   1408.137375
Execution Time:   3.02  sec
Absolute Gap:     0.000000
Relative Gap:     0.000000
============= inst 96 end=============

