============= inst 960 =============
Route:
1  7  3  2  1  
1  8  14 4  29 12 18 1  
1  11 9  19 1  
1  13 15 20 24 23 16 1  
1  25 27 26 17 10 1  
1  28 22 30 5  6  21 1  

Point Location:
110 167 183 36  36  34  182 97  106 169 122 56  133 52  156 153 172 53  85  192 50  35  202 189 199 200 203 37  10  12  
56  7   8   138 45  30  22  101 72  99  79  99  199 190 206 107 90  84  55  216 39  69  130 162 78  94  87  66  123 54  

Total Distance:   1503.837613
Execution Time:   5.77  sec
Absolute Gap:     0.000000
Relative Gap:     0.000000
============= inst 960 end=============

