============= inst 961 =============
Route:
1  2  5  17 1  
1  8  11 20 13 12 1  
1  9  29 21 6  23 27 1  
1  15 18 7  10 22 14 1  
1  19 30 26 1  
1  28 25 24 4  3  16 1  

Point Location:
75  24  151 152 57  200 39  89  110 28  113 115 119 39  56  138 72  52  66  122 159 15  144 176 195 95  137 187 142 104 
122 71  47  51  81  156 206 179 123 203 182 142 167 174 184 56  107 186 33  173 113 178 212 62  67  68  210 74  120 53  

Total Distance:   1380.861247
Execution Time:   6.63  sec
Absolute Gap:     0.000000
Relative Gap:     0.000000
============= inst 961 end=============

