============= inst 962 =============
Route:
1  3  6  19 9  26 21 1  
1  5  18 15 12 22 7  1  
1  11 10 14 24 4  8  1  
1  23 27 13 1  
1  25 28 2  16 20 1  
1  29 17 30 1  

Point Location:
139 78  41  201 93  13  95  188 27  191 151 59  105 174 61  95  206 72  8   114 114 86  139 173 63  87  103 58  181 192 
149 194 141 99  93  119 137 134 68  22  33  107 125 53  89  195 154 94  57  208 104 128 141 67  184 42  117 204 155 216 

Total Distance:   1505.752123
Execution Time:   62.45  sec
Absolute Gap:     0.000000
Relative Gap:     0.000000
============= inst 962 end=============

