============= inst 963 =============
Route:
1  5  13 17 23 27 1  
1  9  22 7  20 11 18 1  
1  15 24 8  4  1  
1  21 12 16 29 10 6  1  
1  28 26 19 2  3  1  
1  30 14 25 1  

Point Location:
104 187 147 148 30  126 44  152 79  131 21  165 12  119 148 199 23  41  178 14  145 55  10  157 104 170 69  155 169 129 
131 124 127 75  121 209 29  63  81  212 93  202 150 126 97  198 185 105 174 71  177 60  210 90  145 161 181 142 218 118 

Total Distance:   1359.851767
Execution Time:   10.99  sec
Absolute Gap:     0.000000
Relative Gap:     0.000000
============= inst 963 end=============

