============= inst 964 =============
Route:
1  2  9  17 1  
1  6  5  12 19 15 11 1  
1  10 18 3  1  
1  20 21 22 16 8  1  
1  23 30 24 27 29 7  1  
1  26 25 4  13 28 14 1  

Point Location:
96  100 109 10  192 155 53  142 195 133 197 213 58  69  210 164 192 126 216 112 126 139 41  8   31  70  14  64  31  18  
101 42  102 28  128 131 131 158 29  79  119 137 58  80  105 164 80  100 127 190 215 191 123 187 15  60  209 71  181 126 

Total Distance:   1515.117090
Execution Time:   11.09  sec
Absolute Gap:     0.000000
Relative Gap:     0.000000
============= inst 964 end=============

