============= inst 965 =============
Route:
1  6  9  19 13 1  
1  11 8  27 16 4  7  1  
1  15 3  28 2  20 30 1  
1  24 14 12 1  
1  26 17 5  21 1  
1  29 22 23 18 10 25 1  

Point Location:
115 203 212 112 128 145 103 55  174 11  74  40  165 60  154 54  126 13  202 198 121 22  18  109 31  95  36  207 45  182 
126 75  7   31  189 178 55  67  189 191 86  139 168 121 7   12  214 121 172 92  176 78  105 117 179 209 16  46  97  117 

Total Distance:   1621.151194
Execution Time:   3.44  sec
Absolute Gap:     0.000000
Relative Gap:     0.000000
============= inst 965 end=============

