============= inst 966 =============
Route:
1  6  12 5  1  
1  13 22 16 29 18 17 1  
1  24 25 2  27 14 7  1  
1  26 8  10 11 23 20 1  
1  28 9  19 15 3  1  
1  30 4  21 1  

Point Location:
136 58  176 180 130 124 82  160 196 204 176 126 95  38  186 19  47  8   214 135 171 51  151 102 63  149 24  151 7   200 
144 51  116 210 160 147 134 69  96  52  8   170 180 104 109 187 128 102 98  62  210 198 35  16  15  97  43  100 115 171 

Total Distance:   1562.315153
Execution Time:   52.81  sec
Absolute Gap:     0.000000
Relative Gap:     0.000000
============= inst 966 end=============

