============= inst 967 =============
Route:
1  2  10 5  4  20 25 1  
1  7  19 27 8  11 1  
1  9  15 23 13 24 1  
1  14 17 30 6  12 28 1  
1  21 29 16 1  
1  26 3  22 18 1  

Point Location:
114 217 125 164 191 215 64  11  106 215 58  168 20  122 83  111 151 85  53  124 115 90  50  55  125 144 23  167 103 217 
113 126 57  204 201 76  80  115 162 145 110 85  170 27  193 115 12  60  78  216 144 51  177 146 204 90  78  89  127 27  

Total Distance:   1463.438024
Execution Time:   14.92  sec
Absolute Gap:     0.000000
Relative Gap:     0.000000
============= inst 967 end=============

