============= inst 968 =============
Route:
1  6  8  18 11 4  1  
1  16 19 29 5  17 28 1  
1  21 27 15 3  2  9  1  
1  24 20 13 1  
1  26 10 25 7  23 14 1  
1  30 22 12 1  

Point Location:
97  198 175 86  111 109 21  113 181 11  101 114 82  33  171 148 119 110 186 12  92  128 32  60  21  44  122 134 141 110 
119 133 159 42  9   51  63  51  118 35  39  121 144 100 189 102 21  45  44  173 212 157 88  130 43  24  208 66  27  164 

Total Distance:   1476.303390
Execution Time:   7.08  sec
Absolute Gap:     0.000000
Relative Gap:     0.000000
============= inst 968 end=============

