============= inst 969 =============
Route:
1  3  11 7  18 26 13 1  
1  8  6  30 24 2  20 1  
1  22 14 10 28 1  
1  23 21 15 1  
1  25 19 16 27 1  
1  29 4  5  17 9  12 1  

Point Location:
81  101 180 51  11  149 183 124 93  110 193 93  146 119 35  9   93  200 10  101 39  97  61  117 31  176 17  92  78  149 
68  189 7   133 184 151 63  138 149 29  18  118 123 44  55  55  181 112 9   182 46  62  54  210 18  142 69  35  112 177 

Total Distance:   1503.328622
Execution Time:   101.47  sec
Absolute Gap:     0.000000
Relative Gap:     0.000000
============= inst 969 end=============

