============= inst 97 =============
Route:
1  9  19 12 11 13 10 1  
1  15 8  6  30 26 2  1  
1  16 3  17 5  1  
1  20 4  18 1  
1  22 29 25 21 7  27 1  
1  23 14 28 24 1  

Point Location:
96  204 18  149 66  172 211 152 112 27  68  121 9   66  131 43  43  150 127 123 212 140 75  117 190 217 184 80  165 206 
109 148 67  133 78  210 100 210 150 156 210 206 183 39  183 105 70  117 183 121 62  82  46  81  47  184 88  9   72  184 

Total Distance:   1526.508711
Execution Time:   8.63  sec
Absolute Gap:     0.000000
Relative Gap:     0.000000
============= inst 97 end=============

