============= inst 970 =============
Route:
1  7  5  23 28 9  30 1  
1  11 12 18 13 29 17 1  
1  14 20 3  22 19 16 1  
1  25 10 15 6  4  1  
1  26 24 8  1  
1  27 21 2  1  

Point Location:
130 167 64  103 216 83  191 159 185 59  100 57  11  115 53  57  30  27  24  81  104 18  216 212 68  183 114 208 20  183 
71  129 41  144 147 144 133 69  186 106 190 214 183 20  138 56  140 206 49  13  128 46  191 21  112 7   88  187 162 163 

Total Distance:   1660.653678
Execution Time:   9.75  sec
Absolute Gap:     0.000000
Relative Gap:     0.000000
============= inst 970 end=============

