============= inst 971 =============
Route:
1  5  3  10 9  12 2  1  
1  11 8  27 22 6  7  1  
1  13 4  24 1  
1  14 28 17 18 26 1  
1  20 15 19 1  
1  29 25 23 16 21 30 1  

Point Location:
108 101 177 170 172 29  52  25  160 176 42  123 166 193 83  12  203 215 108 79  48  22  17  160 54  199 10  197 113 54  
131 37  26  107 56  54  57  71  31  11  108 14  124 199 125 177 194 184 143 84  166 47  198 88  212 121 51  190 182 171 

Total Distance:   1503.992738
Execution Time:   14.02  sec
Absolute Gap:     0.000000
Relative Gap:     0.000000
============= inst 971 end=============

