============= inst 972 =============
Route:
1  2  15 10 28 19 13 1  
1  4  26 25 1  
1  11 9  20 5  6  8  1  
1  17 23 21 16 14 1  
1  18 27 7  3  12 30 1  
1  29 22 24 1  

Point Location:
137 191 98  150 205 200 38  183 187 215 179 116 165 73  189 31  63  98  185 198 12  101 19  101 139 149 74  193 119 171 
137 123 215 89  148 156 210 157 138 99  134 203 81  89  101 18  120 176 11  145 24  129 123 102 97  89  177 15  142 179 

Total Distance:   1430.742494
Execution Time:   3.44  sec
Absolute Gap:     0.000000
Relative Gap:     0.000000
============= inst 972 end=============

