============= inst 973 =============
Route:
1  2  17 7  8  9  29 1  
1  4  30 14 1  
1  15 28 11 12 1  
1  18 21 6  3  1  
1  26 24 19 10 16 20 1  
1  27 13 25 5  22 23 1  

Point Location:
139 115 188 190 50  198 69  38  9   21  156 134 94  144 205 39  99  157 52  89  208 67  101 72  83  87  104 179 50  190 
117 185 153 109 39  192 197 188 162 134 56  81  13  131 13  97  215 173 118 94  207 55  90  120 42  125 27  8   166 125 

Total Distance:   1562.089311
Execution Time:   15.56  sec
Absolute Gap:     0.000000
Relative Gap:     0.000000
============= inst 973 end=============

