============= inst 974 =============
Route:
1  5  18 17 1  
1  8  13 25 24 11 10 1  
1  9  22 16 19 6  15 1  
1  14 3  28 1  
1  20 2  21 27 4  26 1  
1  23 12 29 7  30 1  

Point Location:
97  123 115 34  82  216 32  120 129 149 167 102 122 97  132 157 62  71  179 118 56  144 80  157 168 55  51  119 70  63  
123 209 135 178 120 97  63  25  158 80  66  51  12  117 112 149 159 140 154 190 217 156 73  57  14  165 191 154 22  78  

Total Distance:   1359.231991
Execution Time:   104.47  sec
Absolute Gap:     0.000000
Relative Gap:     0.000000
============= inst 974 end=============

