============= inst 975 =============
Route:
1  3  20 5  4  30 19 1  
1  12 10 13 1  
1  16 28 11 14 23 18 1  
1  17 21 2  8  27 1  
1  22 25 29 1  
1  26 6  9  24 15 7  1  

Point Location:
123 197 62  31  23  85  47  186 40  197 200 180 155 129 27  213 124 156 65  35  202 96  163 42  100 81  173 205 107 53  
91  63  61  15  22  198 140 61  211 96  202 94  97  206 146 150 36  157 32  67  17  82  161 161 152 191 56  158 147 18  

Total Distance:   1576.604657
Execution Time:   3.01  sec
Absolute Gap:     0.000000
Relative Gap:     0.000000
============= inst 975 end=============

