============= inst 976 =============
Route:
1  7  21 12 1  
1  11 10 6  2  25 5  1  
1  16 4  22 20 14 30 1  
1  18 15 17 1  
1  26 23 3  9  8  1  
1  27 24 19 29 13 28 1  

Point Location:
68  14  107 173 18  23  24  89  113 29  44  58  112 211 101 165 94  78  193 210 41  183 132 189 10  129 137 89  131 142 
128 52  185 196 103 16  144 187 210 37  54  164 53  126 122 156 144 94  8   158 154 206 144 17  56  128 83  57  54  117 

Total Distance:   1521.688431
Execution Time:   64.84  sec
Absolute Gap:     0.000000
Relative Gap:     0.000000
============= inst 976 end=============

