============= inst 977 =============
Route:
1  3  12 4  8  30 27 1  
1  11 28 2  22 24 1  
1  17 16 9  5  6  1  
1  21 13 14 26 1  
1  23 19 7  1  
1  25 20 29 15 10 18 1  

Point Location:
87  24  150 216 106 124 71  214 87  172 48  209 99  110 184 78  49  156 50  197 107 32  73  48  162 122 175 24  218 217 
128 20  135 182 188 181 103 207 197 60  58  139 15  38  23  206 186 90  102 111 76  29  151 39  129 80  206 35  74  214 

Total Distance:   1585.303980
Execution Time:   28.08  sec
Absolute Gap:     0.000000
Relative Gap:     0.000000
============= inst 977 end=============

