============= inst 978 =============
Route:
1  6  20 17 1  
1  7  3  8  26 2  1  
1  9  13 24 12 11 10 1  
1  21 4  14 1  
1  22 5  19 23 25 30 1  
1  27 18 15 29 16 28 1  

Point Location:
83  155 159 15  97  63  136 183 94  91  86  94  108 39  178 177 84  153 66  15  26  98  44  104 29  166 125 143 216 8   
160 117 170 106 9   146 155 198 127 126 94  96  98  128 11  59  188 8   17  191 123 34  12  96  16  147 25  61  39  62  

Total Distance:   1642.783166
Execution Time:   68.44  sec
Absolute Gap:     0.000000
Relative Gap:     0.000000
============= inst 978 end=============

