============= inst 979 =============
Route:
1  4  18 29 28 26 1  
1  6  13 11 20 24 21 1  
1  10 17 15 19 3  8  1  
1  12 27 25 1  
1  14 30 2  1  
1  23 9  16 5  7  22 1  

Point Location:
110 104 36  179 91  171 87  46  155 44  178 91  178 139 10  144 41  205 20  201 153 25  149 203 56  179 69  184 213 134 
78  39  50  97  185 171 203 24  204 105 217 119 185 58  65  218 105 103 49  176 102 201 180 153 124 91  134 85  70  45  

Total Distance:   1586.451485
Execution Time:   44.41  sec
Absolute Gap:     0.000000
Relative Gap:     0.000000
============= inst 979 end=============

