============= inst 98 =============
Route:
1  7  8  2  15 5  9  1  
1  10 4  16 12 3  30 1  
1  17 18 6  1  
1  20 11 29 1  
1  21 19 26 28 13 1  
1  24 27 25 23 22 14 1  

Point Location:
66  172 119 39  118 67  158 162 102 45  35  64  141 177 148 67  37  59  153 22  112 216 198 128 169 165 154 150 66  130 
138 179 10  52  216 180 141 151 178 66  147 13  122 119 192 46  204 213 77  139 118 104 83  77  24  89  57  110 155 36  

Total Distance:   1575.597951
Execution Time:   98.42  sec
Absolute Gap:     0.000000
Relative Gap:     0.000000
============= inst 98 end=============

