============= inst 980 =============
Route:
1  4  15 12 29 18 5  1  
1  9  3  8  19 1  
1  17 30 11 26 13 20 1  
1  21 6  2  1  
1  24 10 23 22 1  
1  25 27 16 14 7  28 1  

Point Location:
144 201 39  179 208 189 33  22  53  20  140 201 157 24  176 38  130 217 27  154 163 93  38  46  53  151 68  52  203 121 
57  42  55  136 72  70  156 56  52  97  170 195 161 172 178 214 170 103 21  139 77  92  122 75  171 173 199 127 195 181 

Total Distance:   1768.730843
Execution Time:   77.02  sec
Absolute Gap:     0.000000
Relative Gap:     0.000000
============= inst 980 end=============

