============= inst 981 =============
Route:
1  3  17 13 1  
1  8  14 5  23 20 6  1  
1  9  16 29 2  4  24 1  
1  10 25 7  1  
1  26 15 18 21 30 1  
1  28 22 11 12 19 27 1  

Point Location:
152 73  171 86  216 192 179 194 88  214 89  84  147 200 86  10  151 95  112 204 112 116 212 124 201 75  140 129 12  119 
143 214 94  217 104 60  124 104 196 213 30  28  77  102 67  211 79  58  17  31  77  57  87  207 160 76  34  83  218 77  

Total Distance:   1546.936052
Execution Time:   19.63  sec
Absolute Gap:     0.000000
Relative Gap:     0.000000
============= inst 981 end=============

