============= inst 982 =============
Route:
1  2  24 12 1  
1  5  13 6  11 4  1  
1  9  16 23 8  20 19 1  
1  14 27 15 22 29 30 1  
1  18 3  26 21 17 7  1  
1  28 25 10 1  

Point Location:
135 172 20  196 169 208 55  122 205 122 204 156 206 101 112 202 15  63  106 110 38  129 163 163 121 55  104 120 151 139 
127 101 87  187 121 145 177 39  18  143 179 75  94  179 206 13  215 95  68  67  133 199 8   89  111 121 211 101 183 147 

Total Distance:   1447.995823
Execution Time:   23.59  sec
Absolute Gap:     0.000000
Relative Gap:     0.000000
============= inst 982 end=============

