============= inst 983 =============
Route:
1  2  9  12 1  
1  4  11 16 5  20 1  
1  15 10 8  25 29 14 1  
1  19 21 6  13 17 26 1  
1  22 18 3  7  27 28 1  
1  24 30 23 1  

Point Location:
138 166 13  100 194 215 19  37  165 128 128 160 207 73  126 180 204 12  148 215 166 56  201 181 13  209 55  54  55  214 
117 79  168 172 214 8   141 32  103 36  216 118 21  131 62  216 79  209 52  198 7   183 130 135 50  85  146 135 107 130 

Total Distance:   1641.043089
Execution Time:   5.14  sec
Absolute Gap:     0.000000
Relative Gap:     0.000000
============= inst 983 end=============

