============= inst 984 =============
Route:
1  5  6  22 28 3  12 1  
1  7  2  29 26 1  
1  13 16 25 1  
1  14 21 19 24 11 1  
1  18 17 9  10 20 1  
1  27 8  23 4  30 15 1  

Point Location:
126 20  63  41  30  11  44  67  207 186 197 55  120 157 62  120 188 162 218 155 218 30  42  209 145 57  102 35  18  46  
124 105 18  185 90  52  110 210 18  25  107 46  120 165 147 151 35  95  172 72  187 27  185 107 170 122 189 17  131 171 

Total Distance:   1526.881455
Execution Time:   7.09  sec
Absolute Gap:     0.000000
Relative Gap:     0.000000
============= inst 984 end=============

