============= inst 985 =============
Route:
1  11 29 22 17 19 20 1  
1  16 3  5  21 15 1  
1  18 4  27 12 6  28 1  
1  23 9  14 7  1  
1  25 26 2  13 1  
1  30 24 8  10 1  

Point Location:
102 167 203 22  218 44  102 55  92  75  74  54  126 100 120 173 14  18  35  43  159 44  81  29  153 215 52  46  59  43  
132 42  173 37  187 37  38  74  31  87  191 21  84  21  204 159 171 54  170 154 189 194 61  94  122 96  7   37  202 112 

Total Distance:   1592.982340
Execution Time:   6.48  sec
Absolute Gap:     0.000000
Relative Gap:     0.000000
============= inst 985 end=============

