============= inst 986 =============
Route:
1  11 19 16 25 12 15 1  
1  13 29 2  1  
1  20 18 6  5  23 7  1  
1  22 14 10 1  
1  24 26 28 9  30 1  
1  27 4  17 8  21 3  1  

Point Location:
135 173 150 139 68  8   121 193 44  177 192 218 218 165 215 212 160 16  210 16  215 141 92  51  212 18  142 34  195 103 
156 212 135 37  25  37  100 11  208 159 98  134 184 177 147 87  35  47  87  60  58  182 84  135 116 155 73  205 214 195 

Total Distance:   1629.528394
Execution Time:   31.92  sec
Absolute Gap:     0.000000
Relative Gap:     0.000000
============= inst 986 end=============

