============= inst 987 =============
Route:
1  14 27 9  26 30 22 1  
1  15 8  12 11 1  
1  17 3  24 20 1  
1  18 28 16 1  
1  19 10 23 2  5  7  1  
1  25 13 29 4  6  21 1  

Point Location:
112 204 74  129 210 152 182 182 37  172 198 186 111 77  158 169 74  117 146 43  152 113 200 15  117 68  40  132 118 77  
72  149 9   194 118 186 116 93  189 132 37  68  182 115 104 55  28  36  122 73  181 127 215 33  163 200 156 29  186 157 

Total Distance:   1635.165391
Execution Time:   24.03  sec
Absolute Gap:     0.000000
Relative Gap:     0.000000
============= inst 987 end=============

