============= inst 988 =============
Route:
1  8  23 7  1  
1  9  15 10 28 26 27 1  
1  12 17 24 19 1  
1  16 3  2  20 1  
1  21 13 5  18 14 30 1  
1  25 6  11 22 29 4  1  

Point Location:
118 27  41  151 163 187 102 103 113 63  192 140 125 178 68  55  157 217 166 38  130 214 85  190 156 26  24  12  178 175 
136 100 62  120 11  73  113 55  193 204 91  182 17  35  216 89  212 31  162 111 56  114 98  184 81  176 158 208 122 44  

Total Distance:   1589.143468
Execution Time:   3.77  sec
Absolute Gap:     0.000000
Relative Gap:     0.000000
============= inst 988 end=============

