============= inst 989 =============
Route:
1  5  16 17 1  
1  10 13 2  14 6  1  
1  12 28 27 15 25 8  1  
1  19 3  24 26 7  4  1  
1  21 29 20 9  11 23 1  
1  30 18 22 1  

Point Location:
149 214 61  122 82  150 104 37  25  189 32  52  191 190 7   116 134 136 87  54  103 158 105 61  19  99  8   16  67  140 
104 209 191 152 11  165 185 181 95  122 49  157 143 202 194 12  19  49  141 106 103 76  69  199 195 193 178 175 119 76  

Total Distance:   1587.049117
Execution Time:   73.13  sec
Absolute Gap:     0.000000
Relative Gap:     0.000000
============= inst 989 end=============

