============= inst 99 =============
Route:
1  4  10 27 25 16 7  1  
1  17 19 3  1  
1  21 9  18 8  1  
1  24 28 5  2  23 15 1  
1  26 13 22 14 1  
1  29 6  20 30 12 11 1  

Point Location:
152 26  209 94  30  111 104 192 146 65  146 143 197 194 78  97  177 202 190 112 130 203 42  86  61  183 21  66  124 138 
95  61  93  87  27  34  136 146 185 112 72  42  17  54  84  127 127 172 132 30  142 22  84  67  164 21  167 58  55  9   

Total Distance:   1443.526197
Execution Time:   3.11  sec
Absolute Gap:     0.000000
Relative Gap:     0.000000
============= inst 99 end=============

