============= inst 990 =============
Route:
1  6  23 14 1  
1  10 16 28 1  
1  11 8  9  5  20 15 1  
1  19 25 18 26 29 1  
1  21 7  22 27 13 12 1  
1  24 17 4  2  3  30 1  

Point Location:
113 129 125 133 182 121 91  145 168 89  133 88  75  98  165 32  172 207 163 203 92  82  106 167 211 142 77  55  145 111 
111 47  46  13  80  168 180 63  87  112 81  137 166 157 99  127 16  206 137 108 167 201 166 44  194 178 173 101 146 52  

Total Distance:   1303.009908
Execution Time:   5.11  sec
Absolute Gap:     0.000000
Relative Gap:     0.000000
============= inst 990 end=============

