============= inst 991 =============
Route:
1  2  3  5  20 22 1  
1  9  26 25 1  
1  10 27 28 14 12 1  
1  19 18 15 4  21 1  
1  23 16 8  6  11 30 1  
1  24 17 29 7  13 1  

Point Location:
98  96  69  15  29  146 215 134 84  187 164 196 191 212 79  128 155 85  86  27  43  36  114 121 32  55  199 217 211 172 
108 51  39  182 19  13  160 19  77  81  18  102 140 114 182 21  199 165 164 50  164 59  17  144 84  85  59  100 195 39  

Total Distance:   1557.225034
Execution Time:   5.11  sec
Absolute Gap:     0.000000
Relative Gap:     0.000000
============= inst 991 end=============

