============= inst 992 =============
Route:
1  10 18 6  23 12 13 1  
1  11 20 26 3  17 1  
1  14 21 7  1  
1  24 28 22 2  5  16 1  
1  29 8  15 1  
1  30 9  4  19 27 25 1  

Point Location:
66  206 21  177 180 99  68  35  156 101 63  92  91  34  52  167 12  123 201 71  56  202 96  164 213 49  206 194 41  127 
136 187 54  32  205 203 184 104 10  143 81  181 170 172 88  160 87  204 44  56  178 154 201 131 114 12  57  125 122 51  

Total Distance:   1549.738196
Execution Time:   19.19  sec
Absolute Gap:     0.000000
Relative Gap:     0.000000
============= inst 992 end=============

