============= inst 993 =============
Route:
1  4  8  13 10 27 28 1  
1  5  7  30 15 1  
1  9  22 2  26 24 19 1  
1  12 3  18 23 11 17 1  
1  14 6  16 1  
1  29 25 20 21 1  

Point Location:
106 142 70  154 28  63  10  178 80  209 15  86  207 106 64  79  45  54  141 82  79  78  32  194 92  147 191 177 131 42  
77  201 154 82  73  38  16  88  160 83  155 154 97  9   60  43  119 173 149 102 96  167 163 197 122 218 68  49  89  45  

Total Distance:   1486.564568
Execution Time:   80.13  sec
Absolute Gap:     0.000000
Relative Gap:     0.000000
============= inst 993 end=============

