============= inst 994 =============
Route:
1  9  5  7  20 25 11 1  
1  12 18 24 21 4  1  
1  13 27 6  3  1  
1  16 26 23 1  
1  22 19 15 8  30 28 1  
1  29 10 14 17 2  1  

Point Location:
162 56  215 212 50  213 42  85  95  8   25  169 149 28  89  181 50  193 95  24  211 138 189 202 28  211 157 116 56  94  
150 201 208 16  81  213 73  17  89  174 130 49  182 181 18  143 217 38  22  110 17  25  93  22  127 108 218 62  151 31  

Total Distance:   1710.312383
Execution Time:   10.52  sec
Absolute Gap:     0.000000
Relative Gap:     0.000000
============= inst 994 end=============

