============= inst 995 =============
Route:
1  6  9  23 5  11 1  
1  10 8  24 18 16 1  
1  14 28 3  12 1  
1  21 2  15 17 19 13 1  
1  26 27 20 30 22 7  1  
1  29 25 4  1  

Point Location:
94  50  21  115 94  65  115 217 64  199 96  44  60  21  26  188 8   212 17  169 55  97  65  216 89  171 189 26  49  137 
60  137 64  15  166 111 186 83  138 85  131 61  161 21  171 125 192 152 193 214 106 209 154 114 20  199 218 40  9   209 

Total Distance:   1735.649023
Execution Time:   95.74  sec
Absolute Gap:     0.000000
Relative Gap:     0.000000
============= inst 995 end=============

