============= inst 996 =============
Route:
1  4  8  18 25 2  1  
1  20 17 30 19 11 14 1  
1  21 15 27 1  
1  23 16 12 22 1  
1  24 9  13 28 10 7  1  
1  29 6  26 3  5  1  

Point Location:
118 114 169 139 164 195 175 144 139 209 11  56  156 51  118 33  58  136 15  64  117 67  52  131 129 217 111 169 170 15  
120 170 183 163 155 138 49  175 33  53  98  159 32  119 36  180 24  195 70  45  99  119 182 36  217 173 47  9   128 69  

Total Distance:   1504.542439
Execution Time:   6.80  sec
Absolute Gap:     0.000000
Relative Gap:     0.000000
============= inst 996 end=============

