============= inst 997 =============
Route:
1  2  18 3  1  
1  7  9  24 1  
1  8  10 6  21 4  29 1  
1  11 17 28 30 12 19 1  
1  13 5  25 27 23 15 1  
1  14 16 26 20 22 1  

Point Location:
154 209 154 164 59  165 203 204 205 206 50  51  72  116 69  117 37  133 86  122 164 137 14  195 54  105 46  17  169 42  
61  7   29  173 21  217 129 149 131 216 75  125 16  119 68  128 125 11  105 186 202 187 39  116 37  165 30  147 126 162 

Total Distance:   1730.296310
Execution Time:   34.95  sec
Absolute Gap:     0.000000
Relative Gap:     0.000000
============= inst 997 end=============

