============= inst 998 =============
Route:
1  10 28 23 1  
1  11 15 2  12 16 27 1  
1  17 6  5  13 3  4  1  
1  19 30 25 8  22 7  1  
1  21 18 9  29 14 1  
1  24 26 20 1  

Point Location:
87  170 194 196 164 152 96  62  7   55  101 206 187 14  144 204 126 71  25  133 103 72  47  114 64  122 141 23  9   46  
109 23  193 192 195 205 49  40  180 110 52  16  195 146 21  81  203 207 67  143 188 17  121 110 45  129 99  101 148 52  

Total Distance:   1491.524020
Execution Time:   3.47  sec
Absolute Gap:     0.000000
Relative Gap:     0.000000
============= inst 998 end=============

