============= inst 999 =============
Route:
1  5  26 27 10 28 1  
1  7  11 21 24 1  
1  8  3  2  18 30 1  
1  9  20 15 25 17 6  1  
1  22 23 16 19 14 12 1  
1  29 4  13 1  

Point Location:
90  31  33  86  107 17  40  38  147 75  43  160 80  193 89  216 38  30  211 131 52  112 201 61  35  110 95  69  102 43  
147 151 121 215 69  89  191 119 47  105 202 206 164 186 9   117 56  158 162 21  211 135 119 196 14  67  65  107 218 160 

Total Distance:   1436.852324
Execution Time:   4.63  sec
Absolute Gap:     0.000000
Relative Gap:     0.000000
============= inst 999 end=============

